# [0] log10 Mass / Msun, [1] Bin width log10 Mass / Msun, [2] dN/dV (pc^-3), [3] dN/dVlogM (pc^-3 log10 Mass/Msun)
7.878990706840301000e+15 1.000000000000000056e-01 1.636566731038497518e-29 1.636566731038497462e-28
6.275481575154240000e+15 1.000000000000000056e-01 4.881595006542982709e-29 4.881595006542982372e-28
4.998313929461850000e+15 1.000000000000000056e-01 1.315443279986902497e-28 1.315443279986902407e-27
3.948849556136270500e+15 1.000000000000000056e-01 6.197871130348083095e-28 6.197871130348082557e-27
3.145191250330478500e+15 1.000000000000000056e-01 2.153014923740550800e-27 2.153014923740550585e-26
2.484815329350140500e+15 1.000000000000000056e-01 6.104206543578633230e-27 6.104206543578633087e-26
1.979112985050216250e+15 1.000000000000000056e-01 1.275984747514370096e-26 1.275984747514369953e-25
1.576329701981831750e+15 1.000000000000000056e-01 2.878392280954369965e-26 2.878392280954369850e-25
1.245357720991639500e+15 1.000000000000000056e-01 5.575591981053779505e-26 5.575591981053779505e-25
9.919061620131335000e+14 1.000000000000000056e-01 1.000761932759559857e-25 1.000761932759559765e-24
7.900363226207755000e+14 1.000000000000000056e-01 1.707307491806172118e-25 1.707307491806172118e-24
6.292504421924302500e+14 1.000000000000000056e-01 2.699009912799263364e-25 2.699009912799263180e-24
4.971307053572065000e+14 1.000000000000000056e-01 4.159879755494550200e-25 4.159879755494550017e-24
3.959561189993690000e+14 1.000000000000000056e-01 6.093759014063389085e-25 6.093759014063388718e-24
3.128197161734582500e+14 1.000000000000000056e-01 9.156556114965007931e-25 9.156556114965007563e-24
2.491555629691535312e+14 1.000000000000000056e-01 1.274905034199212785e-24 1.274905034199212711e-23
1.659586907437556250e+14 1.000000000000000056e-01 2.805681636446844603e-24 2.805681636446844456e-23
1.311133937421557656e+14 1.000000000000000056e-01 3.440725145233629654e-24 3.440725145233629507e-23
1.044295795361850156e+14 1.000000000000000056e-01 3.909852392993514083e-24 3.909852392993513936e-23
8.250316098960206250e+13 1.000000000000000056e-01 4.331659460320099844e-24 4.331659460320099550e-23
6.571235910111425000e+13 1.000000000000000056e-01 7.204533476704427611e-24 7.204533476704427317e-23
5.233877207659989844e+13 1.000000000000000056e-01 6.853467568356110784e-24 6.853467568356110784e-23
4.134953102188407812e+13 1.000000000000000056e-01 1.029810339183403052e-23 1.029810339183403023e-22
3.293419547300944141e+13 1.000000000000000056e-01 1.397891650091613362e-23 1.397891650091613304e-22
2.644557055203771875e+13 1.000000000000000056e-01 1.758282131681151398e-23 1.758282131681151280e-22
2.072385706464321094e+13 1.000000000000000056e-01 2.268673267595598612e-23 2.268673267595598671e-22
1.650619832085741016e+13 1.000000000000000056e-01 2.712321445537545885e-23 2.712321445537545532e-22
1.314690514210838867e+13 1.000000000000000056e-01 3.499440367350487287e-23 3.499440367350486934e-22
