# [0] log10 Mass / Msun, [1] Bin width log10 Mass / Msun, [2] dN/dV (pc^-3), [3] dN/dVlogM (pc^-3 log10 Mass/Msun)
5.025000000000000355e+00 5.000000000000000278e-02 0.000000000000000000e+00 0.000000000000000000e+00
5.074999999999999289e+00 5.000000000000000278e-02 0.000000000000000000e+00 0.000000000000000000e+00
5.125000000000000000e+00 5.000000000000000278e-02 0.000000000000000000e+00 0.000000000000000000e+00
5.174999999999998934e+00 5.000000000000000278e-02 0.000000000000000000e+00 0.000000000000000000e+00
5.224999999999999645e+00 5.000000000000000278e-02 0.000000000000000000e+00 0.000000000000000000e+00
5.274999999999998579e+00 5.000000000000000278e-02 0.000000000000000000e+00 0.000000000000000000e+00
5.324999999999999289e+00 5.000000000000000278e-02 0.000000000000000000e+00 0.000000000000000000e+00
5.374999999999998224e+00 5.000000000000000278e-02 0.000000000000000000e+00 0.000000000000000000e+00
5.424999999999998934e+00 5.000000000000000278e-02 1.306139347529906694e-17 2.612278695059813265e-16
5.474999999999997868e+00 5.000000000000000278e-02 1.494524830346650189e-17 2.989049660693300749e-16
5.524999999999998579e+00 5.000000000000000278e-02 1.419170637219902871e-17 2.838341274439806359e-16
5.574999999999997513e+00 5.000000000000000278e-02 1.858736763792439432e-17 3.717473527584878863e-16
5.624999999999998224e+00 5.000000000000000278e-02 3.993772235716187294e-17 7.987544471432374588e-16
5.674999999999997158e+00 5.000000000000000278e-02 1.318698379717609064e-17 2.637396759435218006e-16
5.724999999999997868e+00 5.000000000000000278e-02 2.687632888186365032e-17 5.375265776372730435e-16
5.774999999999996803e+00 5.000000000000000278e-02 2.310861922552762487e-17 4.621723845105524727e-16
5.824999999999997513e+00 5.000000000000000278e-02 1.846177731604652629e-17 3.692355463209305504e-16
5.874999999999996447e+00 5.000000000000000278e-02 1.607556120036704298e-17 3.215112240073408720e-16
5.924999999999997158e+00 5.000000000000000278e-02 2.310861922552762487e-17 4.621723845105524727e-16
5.974999999999996092e+00 5.000000000000000278e-02 1.758264506290213417e-17 3.516529012580427081e-16
6.024999999999996803e+00 5.000000000000000278e-02 1.582438055661539914e-17 3.164876111323079951e-16
6.074999999999995737e+00 5.000000000000000278e-02 1.469406765971429722e-17 2.938813531942859568e-16
6.124999999999996447e+00 5.000000000000000278e-02 1.444288701595849645e-17 2.888577403191700030e-16
6.174999999999995381e+00 5.000000000000000278e-02 1.469406765971429722e-17 2.938813531942859568e-16
6.224999999999996092e+00 5.000000000000000278e-02 1.205667090027839839e-17 2.411334180055679986e-16
6.274999999999995026e+00 5.000000000000000278e-02 1.255903218778999839e-17 2.511806437558000048e-16
6.324999999999995737e+00 5.000000000000000278e-02 1.155430961276679839e-17 2.310861922553359925e-16
6.374999999999994671e+00 5.000000000000000278e-02 1.218226122215629878e-17 2.436452244431259755e-16
6.424999999999995381e+00 5.000000000000000278e-02 9.042503175208798409e-18 1.808500635041759867e-16
6.474999999999994316e+00 5.000000000000000278e-02 7.284238668918199189e-18 1.456847733783639899e-16
6.524999999999995026e+00 5.000000000000000278e-02 7.158648347040298804e-18 1.431729669408059884e-16
6.574999999999993960e+00 5.000000000000000278e-02 7.661009634551898802e-18 1.532201926910379945e-16
6.624999999999994671e+00 5.000000000000000278e-02 9.042503175208798409e-18 1.808500635041759867e-16
6.674999999999993605e+00 5.000000000000000278e-02 6.028335450139199196e-18 1.205667090027839993e-16
6.724999999999994316e+00 5.000000000000000278e-02 5.525974162627599199e-18 1.105194832525519932e-16
6.774999999999993250e+00 5.000000000000000278e-02 4.646841909482299589e-18 9.293683818964599486e-17
6.824999999999993960e+00 5.000000000000000278e-02 3.642119334459099594e-18 7.284238668918199497e-17
6.874999999999992895e+00 5.000000000000000278e-02 4.898022553238099587e-18 9.796045106476199791e-17
6.924999999999993605e+00 5.000000000000000278e-02 3.390938690703299596e-18 6.781877381406599192e-17
6.974999999999992539e+00 5.000000000000000278e-02 4.772432231360199203e-18 9.544864462720399638e-17
7.024999999999993250e+00 5.000000000000000278e-02 3.265348368825399597e-18 6.530696737650799039e-17
7.074999999999992184e+00 5.000000000000000278e-02 2.762987081313799599e-18 5.525974162627599661e-17
7.124999999999992895e+00 5.000000000000000278e-02 3.139758046947499597e-18 6.279516093895000119e-17
7.174999999999991829e+00 5.000000000000000278e-02 3.265348368825399597e-18 6.530696737650799039e-17
7.224999999999992539e+00 5.000000000000000278e-02 2.888577403191699599e-18 5.777154806383399814e-17
7.274999999999991473e+00 5.000000000000000278e-02 2.009445150046399604e-18 4.018890300092799977e-17
7.324999999999992184e+00 5.000000000000000278e-02 2.009445150046399604e-18 4.018890300092799977e-17
7.374999999999991118e+00 5.000000000000000278e-02 1.507083862534799799e-18 3.014167725069599983e-17
7.424999999999991829e+00 5.000000000000000278e-02 3.767709656336999497e-19 7.535419312673999958e-18
7.474999999999990763e+00 5.000000000000000278e-02 2.762987081313799599e-18 5.525974162627599661e-17
7.524999999999991473e+00 5.000000000000000278e-02 1.883854828168499604e-18 3.767709656336999825e-17
7.574999999999990408e+00 5.000000000000000278e-02 1.883854828168499604e-18 3.767709656336999825e-17
7.624999999999991118e+00 5.000000000000000278e-02 3.767709656336999497e-19 7.535419312673999958e-18
7.674999999999990052e+00 5.000000000000000278e-02 5.023612875115999009e-19 1.004722575023199994e-17
7.724999999999990763e+00 5.000000000000000278e-02 6.279516093894999002e-19 1.255903218778999993e-17
7.774999999999989697e+00 5.000000000000000278e-02 1.130312896901099801e-18 2.260625793802199833e-17
7.824999999999990408e+00 5.000000000000000278e-02 3.767709656336999497e-19 7.535419312673999958e-18
7.874999999999989342e+00 5.000000000000000278e-02 8.791322531452998025e-19 1.758264506290599836e-17
7.924999999999990052e+00 5.000000000000000278e-02 7.535419312673998995e-19 1.507083862534799992e-17
7.974999999999988987e+00 5.000000000000000278e-02 2.511806437557999504e-19 5.023612875115999972e-18
8.024999999999989697e+00 5.000000000000000278e-02 1.255903218778999752e-19 2.511806437557999986e-18
8.074999999999988631e+00 5.000000000000000278e-02 1.255903218778999752e-19 2.511806437557999986e-18
8.124999999999989342e+00 5.000000000000000278e-02 1.255903218778999752e-19 2.511806437557999986e-18
8.174999999999988276e+00 5.000000000000000278e-02 1.255903218778999752e-19 2.511806437557999986e-18
8.224999999999988987e+00 5.000000000000000278e-02 1.255903218778999752e-19 2.511806437557999986e-18
8.274999999999987921e+00 5.000000000000000278e-02 2.511806437557999504e-19 5.023612875115999972e-18
8.324999999999988631e+00 5.000000000000000278e-02 2.511806437557999504e-19 5.023612875115999972e-18
8.374999999999987566e+00 5.000000000000000278e-02 3.767709656336999497e-19 7.535419312673999958e-18
8.424999999999988276e+00 5.000000000000000278e-02 1.255903218778999752e-19 2.511806437557999986e-18
8.474999999999987210e+00 5.000000000000000278e-02 0.000000000000000000e+00 0.000000000000000000e+00
8.524999999999987921e+00 5.000000000000000278e-02 0.000000000000000000e+00 0.000000000000000000e+00
8.574999999999986855e+00 5.000000000000000278e-02 0.000000000000000000e+00 0.000000000000000000e+00
8.624999999999987566e+00 5.000000000000000278e-02 1.255903218778999752e-19 2.511806437557999986e-18
8.674999999999986500e+00 5.000000000000000278e-02 2.511806437557999504e-19 5.023612875115999972e-18
8.724999999999987210e+00 5.000000000000000278e-02 0.000000000000000000e+00 0.000000000000000000e+00
8.774999999999986144e+00 5.000000000000000278e-02 1.255903218778999752e-19 2.511806437557999986e-18
8.824999999999986855e+00 5.000000000000000278e-02 1.255903218778999752e-19 2.511806437557999986e-18
8.874999999999985789e+00 5.000000000000000278e-02 0.000000000000000000e+00 0.000000000000000000e+00
8.924999999999986500e+00 5.000000000000000278e-02 0.000000000000000000e+00 0.000000000000000000e+00
8.974999999999985434e+00 5.000000000000000278e-02 0.000000000000000000e+00 0.000000000000000000e+00
9.024999999999986144e+00 5.000000000000000278e-02 0.000000000000000000e+00 0.000000000000000000e+00
9.074999999999985079e+00 5.000000000000000278e-02 0.000000000000000000e+00 0.000000000000000000e+00
9.124999999999985789e+00 5.000000000000000278e-02 0.000000000000000000e+00 0.000000000000000000e+00
9.174999999999984723e+00 5.000000000000000278e-02 0.000000000000000000e+00 0.000000000000000000e+00
9.224999999999985434e+00 5.000000000000000278e-02 0.000000000000000000e+00 0.000000000000000000e+00
9.274999999999984368e+00 5.000000000000000278e-02 0.000000000000000000e+00 0.000000000000000000e+00
9.324999999999985079e+00 5.000000000000000278e-02 0.000000000000000000e+00 0.000000000000000000e+00
9.374999999999984013e+00 5.000000000000000278e-02 0.000000000000000000e+00 0.000000000000000000e+00
9.424999999999984723e+00 5.000000000000000278e-02 0.000000000000000000e+00 0.000000000000000000e+00
9.474999999999983658e+00 5.000000000000000278e-02 0.000000000000000000e+00 0.000000000000000000e+00
9.524999999999984368e+00 5.000000000000000278e-02 0.000000000000000000e+00 0.000000000000000000e+00
9.574999999999983302e+00 5.000000000000000278e-02 0.000000000000000000e+00 0.000000000000000000e+00
9.624999999999984013e+00 5.000000000000000278e-02 0.000000000000000000e+00 0.000000000000000000e+00
9.674999999999982947e+00 5.000000000000000278e-02 0.000000000000000000e+00 0.000000000000000000e+00
9.724999999999983658e+00 5.000000000000000278e-02 0.000000000000000000e+00 0.000000000000000000e+00
9.774999999999982592e+00 5.000000000000000278e-02 0.000000000000000000e+00 0.000000000000000000e+00
9.824999999999983302e+00 5.000000000000000278e-02 0.000000000000000000e+00 0.000000000000000000e+00
9.874999999999982236e+00 5.000000000000000278e-02 0.000000000000000000e+00 0.000000000000000000e+00
9.924999999999982947e+00 5.000000000000000278e-02 0.000000000000000000e+00 0.000000000000000000e+00
9.974999999999981881e+00 5.000000000000000278e-02 0.000000000000000000e+00 0.000000000000000000e+00
1.002499999999998259e+01 5.000000000000000278e-02 0.000000000000000000e+00 0.000000000000000000e+00
1.007499999999998153e+01 5.000000000000000278e-02 0.000000000000000000e+00 0.000000000000000000e+00
1.012499999999998224e+01 5.000000000000000278e-02 0.000000000000000000e+00 0.000000000000000000e+00
1.017499999999998117e+01 5.000000000000000278e-02 0.000000000000000000e+00 0.000000000000000000e+00
1.022499999999998188e+01 5.000000000000000278e-02 0.000000000000000000e+00 0.000000000000000000e+00
1.027499999999998082e+01 5.000000000000000278e-02 0.000000000000000000e+00 0.000000000000000000e+00
1.032499999999998153e+01 5.000000000000000278e-02 0.000000000000000000e+00 0.000000000000000000e+00
1.037499999999998046e+01 5.000000000000000278e-02 0.000000000000000000e+00 0.000000000000000000e+00
1.042499999999998117e+01 5.000000000000000278e-02 0.000000000000000000e+00 0.000000000000000000e+00
1.047499999999998010e+01 5.000000000000000278e-02 0.000000000000000000e+00 0.000000000000000000e+00
1.052499999999998082e+01 5.000000000000000278e-02 0.000000000000000000e+00 0.000000000000000000e+00
1.057499999999997975e+01 5.000000000000000278e-02 0.000000000000000000e+00 0.000000000000000000e+00
1.062499999999998046e+01 5.000000000000000278e-02 0.000000000000000000e+00 0.000000000000000000e+00
1.067499999999997939e+01 5.000000000000000278e-02 0.000000000000000000e+00 0.000000000000000000e+00
1.072499999999998010e+01 5.000000000000000278e-02 0.000000000000000000e+00 0.000000000000000000e+00
1.077499999999997904e+01 5.000000000000000278e-02 0.000000000000000000e+00 0.000000000000000000e+00
1.082499999999997975e+01 5.000000000000000278e-02 0.000000000000000000e+00 0.000000000000000000e+00
1.087499999999997868e+01 5.000000000000000278e-02 0.000000000000000000e+00 0.000000000000000000e+00
1.092499999999997939e+01 5.000000000000000278e-02 0.000000000000000000e+00 0.000000000000000000e+00
1.097499999999997833e+01 5.000000000000000278e-02 0.000000000000000000e+00 0.000000000000000000e+00
1.102499999999997904e+01 5.000000000000000278e-02 0.000000000000000000e+00 0.000000000000000000e+00
1.107499999999997797e+01 5.000000000000000278e-02 0.000000000000000000e+00 0.000000000000000000e+00
1.112499999999997868e+01 5.000000000000000278e-02 0.000000000000000000e+00 0.000000000000000000e+00
1.117499999999997762e+01 5.000000000000000278e-02 0.000000000000000000e+00 0.000000000000000000e+00
1.122499999999997833e+01 5.000000000000000278e-02 0.000000000000000000e+00 0.000000000000000000e+00
1.127499999999997726e+01 5.000000000000000278e-02 0.000000000000000000e+00 0.000000000000000000e+00
1.132499999999997797e+01 5.000000000000000278e-02 0.000000000000000000e+00 0.000000000000000000e+00
1.137499999999997691e+01 5.000000000000000278e-02 0.000000000000000000e+00 0.000000000000000000e+00
1.142499999999997762e+01 5.000000000000000278e-02 0.000000000000000000e+00 0.000000000000000000e+00
1.147499999999997655e+01 5.000000000000000278e-02 0.000000000000000000e+00 0.000000000000000000e+00
1.152499999999997726e+01 5.000000000000000278e-02 0.000000000000000000e+00 0.000000000000000000e+00
1.157499999999997620e+01 5.000000000000000278e-02 0.000000000000000000e+00 0.000000000000000000e+00
1.162499999999997691e+01 5.000000000000000278e-02 0.000000000000000000e+00 0.000000000000000000e+00
1.167499999999997584e+01 5.000000000000000278e-02 0.000000000000000000e+00 0.000000000000000000e+00
1.172499999999997655e+01 5.000000000000000278e-02 0.000000000000000000e+00 0.000000000000000000e+00
1.177499999999997549e+01 5.000000000000000278e-02 0.000000000000000000e+00 0.000000000000000000e+00
1.182499999999997620e+01 5.000000000000000278e-02 0.000000000000000000e+00 0.000000000000000000e+00
1.187499999999997513e+01 5.000000000000000278e-02 0.000000000000000000e+00 0.000000000000000000e+00
1.192499999999997584e+01 5.000000000000000278e-02 0.000000000000000000e+00 0.000000000000000000e+00
1.197499999999997478e+01 5.000000000000000278e-02 0.000000000000000000e+00 0.000000000000000000e+00
1.202499999999997549e+01 5.000000000000000278e-02 0.000000000000000000e+00 0.000000000000000000e+00
1.207499999999997442e+01 5.000000000000000278e-02 0.000000000000000000e+00 0.000000000000000000e+00
1.212499999999997513e+01 5.000000000000000278e-02 0.000000000000000000e+00 0.000000000000000000e+00
1.217499999999997407e+01 5.000000000000000278e-02 0.000000000000000000e+00 0.000000000000000000e+00
1.222499999999997478e+01 5.000000000000000278e-02 0.000000000000000000e+00 0.000000000000000000e+00
1.227499999999997371e+01 5.000000000000000278e-02 0.000000000000000000e+00 0.000000000000000000e+00
1.232499999999997442e+01 5.000000000000000278e-02 0.000000000000000000e+00 0.000000000000000000e+00
1.237499999999997335e+01 5.000000000000000278e-02 0.000000000000000000e+00 0.000000000000000000e+00
1.242499999999997407e+01 5.000000000000000278e-02 0.000000000000000000e+00 0.000000000000000000e+00
1.247499999999997300e+01 5.000000000000000278e-02 0.000000000000000000e+00 0.000000000000000000e+00
1.252499999999997371e+01 5.000000000000000278e-02 0.000000000000000000e+00 0.000000000000000000e+00
1.257499999999997264e+01 5.000000000000000278e-02 0.000000000000000000e+00 0.000000000000000000e+00
1.262499999999997335e+01 5.000000000000000278e-02 0.000000000000000000e+00 0.000000000000000000e+00
1.267499999999997229e+01 5.000000000000000278e-02 0.000000000000000000e+00 0.000000000000000000e+00
1.272499999999997300e+01 5.000000000000000278e-02 0.000000000000000000e+00 0.000000000000000000e+00
1.277499999999997193e+01 5.000000000000000278e-02 0.000000000000000000e+00 0.000000000000000000e+00
1.282499999999997264e+01 5.000000000000000278e-02 0.000000000000000000e+00 0.000000000000000000e+00
1.287499999999997158e+01 5.000000000000000278e-02 0.000000000000000000e+00 0.000000000000000000e+00
1.292499999999997229e+01 5.000000000000000278e-02 0.000000000000000000e+00 0.000000000000000000e+00
1.297499999999997122e+01 5.000000000000000278e-02 0.000000000000000000e+00 0.000000000000000000e+00
1.302499999999997193e+01 5.000000000000000278e-02 0.000000000000000000e+00 0.000000000000000000e+00
1.307499999999997087e+01 5.000000000000000278e-02 0.000000000000000000e+00 0.000000000000000000e+00
1.312499999999997158e+01 5.000000000000000278e-02 0.000000000000000000e+00 0.000000000000000000e+00
1.317499999999997051e+01 5.000000000000000278e-02 0.000000000000000000e+00 0.000000000000000000e+00
1.322499999999997122e+01 5.000000000000000278e-02 0.000000000000000000e+00 0.000000000000000000e+00
1.327499999999997016e+01 5.000000000000000278e-02 0.000000000000000000e+00 0.000000000000000000e+00
1.332499999999997087e+01 5.000000000000000278e-02 0.000000000000000000e+00 0.000000000000000000e+00
1.337499999999996980e+01 5.000000000000000278e-02 0.000000000000000000e+00 0.000000000000000000e+00
1.342499999999997051e+01 5.000000000000000278e-02 0.000000000000000000e+00 0.000000000000000000e+00
1.347499999999996945e+01 5.000000000000000278e-02 0.000000000000000000e+00 0.000000000000000000e+00
1.352499999999997016e+01 5.000000000000000278e-02 0.000000000000000000e+00 0.000000000000000000e+00
1.357499999999996909e+01 5.000000000000000278e-02 0.000000000000000000e+00 0.000000000000000000e+00
1.362499999999996980e+01 5.000000000000000278e-02 0.000000000000000000e+00 0.000000000000000000e+00
1.367499999999996874e+01 5.000000000000000278e-02 0.000000000000000000e+00 0.000000000000000000e+00
1.372499999999996945e+01 5.000000000000000278e-02 0.000000000000000000e+00 0.000000000000000000e+00
1.377499999999996838e+01 5.000000000000000278e-02 0.000000000000000000e+00 0.000000000000000000e+00
1.382499999999996909e+01 5.000000000000000278e-02 0.000000000000000000e+00 0.000000000000000000e+00
1.387499999999996803e+01 5.000000000000000278e-02 0.000000000000000000e+00 0.000000000000000000e+00
1.392499999999996874e+01 5.000000000000000278e-02 0.000000000000000000e+00 0.000000000000000000e+00
1.397499999999996767e+01 5.000000000000000278e-02 0.000000000000000000e+00 0.000000000000000000e+00
1.402499999999996838e+01 5.000000000000000278e-02 0.000000000000000000e+00 0.000000000000000000e+00
1.407499999999996732e+01 5.000000000000000278e-02 0.000000000000000000e+00 0.000000000000000000e+00
1.412499999999996803e+01 5.000000000000000278e-02 0.000000000000000000e+00 0.000000000000000000e+00
1.417499999999996696e+01 5.000000000000000278e-02 0.000000000000000000e+00 0.000000000000000000e+00
1.422499999999996767e+01 5.000000000000000278e-02 0.000000000000000000e+00 0.000000000000000000e+00
1.427499999999996660e+01 5.000000000000000278e-02 0.000000000000000000e+00 0.000000000000000000e+00
1.432499999999996732e+01 5.000000000000000278e-02 0.000000000000000000e+00 0.000000000000000000e+00
1.437499999999996625e+01 5.000000000000000278e-02 0.000000000000000000e+00 0.000000000000000000e+00
1.442499999999996696e+01 5.000000000000000278e-02 0.000000000000000000e+00 0.000000000000000000e+00
1.447499999999996589e+01 5.000000000000000278e-02 0.000000000000000000e+00 0.000000000000000000e+00
1.452499999999996660e+01 5.000000000000000278e-02 0.000000000000000000e+00 0.000000000000000000e+00
1.457499999999996554e+01 5.000000000000000278e-02 0.000000000000000000e+00 0.000000000000000000e+00
1.462499999999996625e+01 5.000000000000000278e-02 0.000000000000000000e+00 0.000000000000000000e+00
1.467499999999996518e+01 5.000000000000000278e-02 0.000000000000000000e+00 0.000000000000000000e+00
1.472499999999996589e+01 5.000000000000000278e-02 0.000000000000000000e+00 0.000000000000000000e+00
1.477499999999996483e+01 5.000000000000000278e-02 0.000000000000000000e+00 0.000000000000000000e+00
1.482499999999996554e+01 5.000000000000000278e-02 0.000000000000000000e+00 0.000000000000000000e+00
1.487499999999996447e+01 5.000000000000000278e-02 0.000000000000000000e+00 0.000000000000000000e+00
1.492499999999996518e+01 5.000000000000000278e-02 0.000000000000000000e+00 0.000000000000000000e+00
1.497499999999996412e+01 5.000000000000000278e-02 0.000000000000000000e+00 0.000000000000000000e+00
1.502499999999996483e+01 5.000000000000000278e-02 0.000000000000000000e+00 0.000000000000000000e+00
1.507499999999996376e+01 5.000000000000000278e-02 0.000000000000000000e+00 0.000000000000000000e+00
1.512499999999996447e+01 5.000000000000000278e-02 0.000000000000000000e+00 0.000000000000000000e+00
1.517499999999996341e+01 5.000000000000000278e-02 0.000000000000000000e+00 0.000000000000000000e+00
1.522499999999996412e+01 5.000000000000000278e-02 0.000000000000000000e+00 0.000000000000000000e+00
1.527499999999996305e+01 5.000000000000000278e-02 0.000000000000000000e+00 0.000000000000000000e+00
1.532499999999996376e+01 5.000000000000000278e-02 0.000000000000000000e+00 0.000000000000000000e+00
1.537499999999996270e+01 5.000000000000000278e-02 0.000000000000000000e+00 0.000000000000000000e+00
1.542499999999996341e+01 5.000000000000000278e-02 0.000000000000000000e+00 0.000000000000000000e+00
1.547499999999996234e+01 5.000000000000000278e-02 0.000000000000000000e+00 0.000000000000000000e+00
1.552499999999996305e+01 5.000000000000000278e-02 0.000000000000000000e+00 0.000000000000000000e+00
1.557499999999996199e+01 5.000000000000000278e-02 0.000000000000000000e+00 0.000000000000000000e+00
1.562499999999996270e+01 5.000000000000000278e-02 0.000000000000000000e+00 0.000000000000000000e+00
1.567499999999996163e+01 5.000000000000000278e-02 0.000000000000000000e+00 0.000000000000000000e+00
1.572499999999996234e+01 5.000000000000000278e-02 0.000000000000000000e+00 0.000000000000000000e+00
1.577499999999996128e+01 5.000000000000000278e-02 0.000000000000000000e+00 0.000000000000000000e+00
1.582499999999996199e+01 5.000000000000000278e-02 0.000000000000000000e+00 0.000000000000000000e+00
1.587499999999996092e+01 5.000000000000000278e-02 0.000000000000000000e+00 0.000000000000000000e+00
1.592499999999996163e+01 5.000000000000000278e-02 0.000000000000000000e+00 0.000000000000000000e+00
