# [0] log10 Radius / pc, [1] Bin width log10 Radius / pc, [2] dN/dV (pc^-3), [3] dN/dVlogM (pc^-3 log10 Radius/pc)
1.024999999999999911e+00 5.000000000000000278e-02 0.000000000000000000e+00 0.000000000000000000e+00
1.075000000000000178e+00 5.000000000000000278e-02 0.000000000000000000e+00 0.000000000000000000e+00
1.125000000000000000e+00 5.000000000000000278e-02 0.000000000000000000e+00 0.000000000000000000e+00
1.175000000000000266e+00 5.000000000000000278e-02 0.000000000000000000e+00 0.000000000000000000e+00
1.225000000000000089e+00 5.000000000000000278e-02 0.000000000000000000e+00 0.000000000000000000e+00
1.275000000000000355e+00 5.000000000000000278e-02 0.000000000000000000e+00 0.000000000000000000e+00
1.325000000000000178e+00 5.000000000000000278e-02 0.000000000000000000e+00 0.000000000000000000e+00
1.375000000000000444e+00 5.000000000000000278e-02 0.000000000000000000e+00 0.000000000000000000e+00
1.425000000000000266e+00 5.000000000000000278e-02 0.000000000000000000e+00 0.000000000000000000e+00
1.475000000000000533e+00 5.000000000000000278e-02 0.000000000000000000e+00 0.000000000000000000e+00
1.525000000000000355e+00 5.000000000000000278e-02 0.000000000000000000e+00 0.000000000000000000e+00
1.575000000000000622e+00 5.000000000000000278e-02 0.000000000000000000e+00 0.000000000000000000e+00
1.625000000000000444e+00 5.000000000000000278e-02 0.000000000000000000e+00 0.000000000000000000e+00
1.675000000000000711e+00 5.000000000000000278e-02 0.000000000000000000e+00 0.000000000000000000e+00
1.725000000000000533e+00 5.000000000000000278e-02 0.000000000000000000e+00 0.000000000000000000e+00
1.775000000000000799e+00 5.000000000000000278e-02 0.000000000000000000e+00 0.000000000000000000e+00
1.825000000000000622e+00 5.000000000000000278e-02 0.000000000000000000e+00 0.000000000000000000e+00
1.875000000000000888e+00 5.000000000000000278e-02 0.000000000000000000e+00 0.000000000000000000e+00
1.925000000000000711e+00 5.000000000000000278e-02 0.000000000000000000e+00 0.000000000000000000e+00
1.975000000000000977e+00 5.000000000000000278e-02 0.000000000000000000e+00 0.000000000000000000e+00
2.025000000000000799e+00 5.000000000000000278e-02 0.000000000000000000e+00 0.000000000000000000e+00
2.075000000000001066e+00 5.000000000000000278e-02 0.000000000000000000e+00 0.000000000000000000e+00
2.125000000000000888e+00 5.000000000000000278e-02 0.000000000000000000e+00 0.000000000000000000e+00
2.175000000000001155e+00 5.000000000000000278e-02 0.000000000000000000e+00 0.000000000000000000e+00
2.225000000000000977e+00 5.000000000000000278e-02 0.000000000000000000e+00 0.000000000000000000e+00
2.275000000000001243e+00 5.000000000000000278e-02 0.000000000000000000e+00 0.000000000000000000e+00
2.325000000000001066e+00 5.000000000000000278e-02 0.000000000000000000e+00 0.000000000000000000e+00
2.375000000000001332e+00 5.000000000000000278e-02 0.000000000000000000e+00 0.000000000000000000e+00
2.425000000000001155e+00 5.000000000000000278e-02 0.000000000000000000e+00 0.000000000000000000e+00
2.475000000000001421e+00 5.000000000000000278e-02 0.000000000000000000e+00 0.000000000000000000e+00
2.525000000000001243e+00 5.000000000000000278e-02 0.000000000000000000e+00 0.000000000000000000e+00
2.575000000000001510e+00 5.000000000000000278e-02 0.000000000000000000e+00 0.000000000000000000e+00
2.625000000000001332e+00 5.000000000000000278e-02 0.000000000000000000e+00 0.000000000000000000e+00
2.675000000000001599e+00 5.000000000000000278e-02 0.000000000000000000e+00 0.000000000000000000e+00
2.725000000000001421e+00 5.000000000000000278e-02 0.000000000000000000e+00 0.000000000000000000e+00
2.775000000000001688e+00 5.000000000000000278e-02 0.000000000000000000e+00 0.000000000000000000e+00
2.825000000000001510e+00 5.000000000000000278e-02 0.000000000000000000e+00 0.000000000000000000e+00
2.875000000000001776e+00 5.000000000000000278e-02 0.000000000000000000e+00 0.000000000000000000e+00
2.925000000000001599e+00 5.000000000000000278e-02 0.000000000000000000e+00 0.000000000000000000e+00
2.975000000000001865e+00 5.000000000000000278e-02 0.000000000000000000e+00 0.000000000000000000e+00
3.025000000000001688e+00 5.000000000000000278e-02 8.916912853328882731e-18 1.783382570665776793e-16
3.075000000000001954e+00 5.000000000000000278e-02 2.210389665050540170e-17 4.420779330101080834e-16
3.125000000000001776e+00 5.000000000000000278e-02 4.847786424485939491e-17 9.695572848971879721e-16
3.175000000000002043e+00 5.000000000000000278e-02 5.865068031696412912e-17 1.173013606339282730e-15
3.225000000000001865e+00 5.000000000000000278e-02 7.799158988615573161e-17 1.559831797723114731e-15
3.275000000000002132e+00 5.000000000000000278e-02 5.814831902945266933e-17 1.162966380589053387e-15
3.325000000000001954e+00 5.000000000000000278e-02 5.124085132617854975e-17 1.024817026523571143e-15
3.375000000000002220e+00 5.000000000000000278e-02 4.169598686346279206e-17 8.339197372692559152e-16
3.425000000000002043e+00 5.000000000000000278e-02 3.679796431022469402e-17 7.359592862044939296e-16
3.475000000000002309e+00 5.000000000000000278e-02 2.386216115680099601e-17 4.772432231360199449e-16
3.525000000000002132e+00 5.000000000000000278e-02 2.210389665051039679e-17 4.420779330102079729e-16
3.575000000000002398e+00 5.000000000000000278e-02 1.368934508469109877e-17 2.737869016938219938e-16
3.625000000000002220e+00 5.000000000000000278e-02 1.306139347530159839e-17 2.612278695060319616e-16
3.675000000000002487e+00 5.000000000000000278e-02 8.288961243941399183e-18 1.657792248788279775e-16
3.725000000000002309e+00 5.000000000000000278e-02 8.540141887697198411e-18 1.708028377539439806e-16
3.775000000000002576e+00 5.000000000000000278e-02 4.395661265726499590e-18 8.791322531452999180e-17
3.825000000000002398e+00 5.000000000000000278e-02 5.274793518871799200e-18 1.054958703774359902e-16
3.875000000000002665e+00 5.000000000000000278e-02 2.511806437557999601e-18 5.023612875115999972e-17
3.925000000000002487e+00 5.000000000000000278e-02 1.883854828168499604e-18 3.767709656336999825e-17
3.975000000000002753e+00 5.000000000000000278e-02 1.130312896901099801e-18 2.260625793802199833e-17
4.025000000000002132e+00 5.000000000000000278e-02 5.023612875115999009e-19 1.004722575023199994e-17
4.075000000000002842e+00 5.000000000000000278e-02 5.023612875115999009e-19 1.004722575023199994e-17
4.125000000000003553e+00 5.000000000000000278e-02 5.023612875115999009e-19 1.004722575023199994e-17
4.175000000000002487e+00 5.000000000000000278e-02 0.000000000000000000e+00 0.000000000000000000e+00
4.225000000000003197e+00 5.000000000000000278e-02 5.023612875115999009e-19 1.004722575023199994e-17
4.275000000000002132e+00 5.000000000000000278e-02 1.255903218778999752e-19 2.511806437557999986e-18
4.325000000000002842e+00 5.000000000000000278e-02 0.000000000000000000e+00 0.000000000000000000e+00
4.375000000000003553e+00 5.000000000000000278e-02 0.000000000000000000e+00 0.000000000000000000e+00
4.425000000000002487e+00 5.000000000000000278e-02 0.000000000000000000e+00 0.000000000000000000e+00
4.475000000000003197e+00 5.000000000000000278e-02 0.000000000000000000e+00 0.000000000000000000e+00
4.525000000000003908e+00 5.000000000000000278e-02 0.000000000000000000e+00 0.000000000000000000e+00
4.575000000000002842e+00 5.000000000000000278e-02 0.000000000000000000e+00 0.000000000000000000e+00
4.625000000000003553e+00 5.000000000000000278e-02 0.000000000000000000e+00 0.000000000000000000e+00
4.675000000000002487e+00 5.000000000000000278e-02 0.000000000000000000e+00 0.000000000000000000e+00
4.725000000000003197e+00 5.000000000000000278e-02 0.000000000000000000e+00 0.000000000000000000e+00
4.775000000000003908e+00 5.000000000000000278e-02 0.000000000000000000e+00 0.000000000000000000e+00
4.825000000000002842e+00 5.000000000000000278e-02 0.000000000000000000e+00 0.000000000000000000e+00
4.875000000000003553e+00 5.000000000000000278e-02 0.000000000000000000e+00 0.000000000000000000e+00
4.925000000000004263e+00 5.000000000000000278e-02 0.000000000000000000e+00 0.000000000000000000e+00
4.975000000000003197e+00 5.000000000000000278e-02 0.000000000000000000e+00 0.000000000000000000e+00
5.025000000000003908e+00 5.000000000000000278e-02 0.000000000000000000e+00 0.000000000000000000e+00
5.075000000000002842e+00 5.000000000000000278e-02 0.000000000000000000e+00 0.000000000000000000e+00
5.125000000000003553e+00 5.000000000000000278e-02 0.000000000000000000e+00 0.000000000000000000e+00
5.175000000000004263e+00 5.000000000000000278e-02 0.000000000000000000e+00 0.000000000000000000e+00
5.225000000000003197e+00 5.000000000000000278e-02 0.000000000000000000e+00 0.000000000000000000e+00
5.275000000000003908e+00 5.000000000000000278e-02 0.000000000000000000e+00 0.000000000000000000e+00
5.325000000000004619e+00 5.000000000000000278e-02 0.000000000000000000e+00 0.000000000000000000e+00
5.375000000000003553e+00 5.000000000000000278e-02 0.000000000000000000e+00 0.000000000000000000e+00
5.425000000000004263e+00 5.000000000000000278e-02 0.000000000000000000e+00 0.000000000000000000e+00
5.475000000000003197e+00 5.000000000000000278e-02 0.000000000000000000e+00 0.000000000000000000e+00
5.525000000000003908e+00 5.000000000000000278e-02 0.000000000000000000e+00 0.000000000000000000e+00
5.575000000000004619e+00 5.000000000000000278e-02 0.000000000000000000e+00 0.000000000000000000e+00
5.625000000000003553e+00 5.000000000000000278e-02 0.000000000000000000e+00 0.000000000000000000e+00
5.675000000000004263e+00 5.000000000000000278e-02 0.000000000000000000e+00 0.000000000000000000e+00
5.725000000000004974e+00 5.000000000000000278e-02 0.000000000000000000e+00 0.000000000000000000e+00
5.775000000000003908e+00 5.000000000000000278e-02 0.000000000000000000e+00 0.000000000000000000e+00
5.825000000000004619e+00 5.000000000000000278e-02 0.000000000000000000e+00 0.000000000000000000e+00
5.875000000000003553e+00 5.000000000000000278e-02 0.000000000000000000e+00 0.000000000000000000e+00
5.925000000000004263e+00 5.000000000000000278e-02 0.000000000000000000e+00 0.000000000000000000e+00
5.975000000000004974e+00 5.000000000000000278e-02 0.000000000000000000e+00 0.000000000000000000e+00
6.025000000000003908e+00 5.000000000000000278e-02 0.000000000000000000e+00 0.000000000000000000e+00
6.075000000000004619e+00 5.000000000000000278e-02 0.000000000000000000e+00 0.000000000000000000e+00
6.125000000000005329e+00 5.000000000000000278e-02 0.000000000000000000e+00 0.000000000000000000e+00
6.175000000000004263e+00 5.000000000000000278e-02 0.000000000000000000e+00 0.000000000000000000e+00
6.225000000000004974e+00 5.000000000000000278e-02 0.000000000000000000e+00 0.000000000000000000e+00
6.275000000000003908e+00 5.000000000000000278e-02 0.000000000000000000e+00 0.000000000000000000e+00
6.325000000000004619e+00 5.000000000000000278e-02 0.000000000000000000e+00 0.000000000000000000e+00
6.375000000000005329e+00 5.000000000000000278e-02 0.000000000000000000e+00 0.000000000000000000e+00
6.425000000000004263e+00 5.000000000000000278e-02 0.000000000000000000e+00 0.000000000000000000e+00
6.475000000000004974e+00 5.000000000000000278e-02 0.000000000000000000e+00 0.000000000000000000e+00
6.525000000000005684e+00 5.000000000000000278e-02 0.000000000000000000e+00 0.000000000000000000e+00
6.575000000000004619e+00 5.000000000000000278e-02 0.000000000000000000e+00 0.000000000000000000e+00
6.625000000000005329e+00 5.000000000000000278e-02 0.000000000000000000e+00 0.000000000000000000e+00
6.675000000000004263e+00 5.000000000000000278e-02 0.000000000000000000e+00 0.000000000000000000e+00
6.725000000000004974e+00 5.000000000000000278e-02 0.000000000000000000e+00 0.000000000000000000e+00
6.775000000000005684e+00 5.000000000000000278e-02 0.000000000000000000e+00 0.000000000000000000e+00
6.825000000000004619e+00 5.000000000000000278e-02 0.000000000000000000e+00 0.000000000000000000e+00
6.875000000000005329e+00 5.000000000000000278e-02 0.000000000000000000e+00 0.000000000000000000e+00
6.925000000000006040e+00 5.000000000000000278e-02 0.000000000000000000e+00 0.000000000000000000e+00
