# log(g (m/s^2)) 	 dlog(g/(m/s^2)) 	 dN/dV (pc^-3) 	 dN/dlog(g/(m/s^2))dV (log(g/(m/s^2))^-1 pc^-3)
-1.495e+01 	 1.000e-01 	 0.000e+00 	 0.000e+00 	
-1.485e+01 	 1.000e-01 	 0.000e+00 	 0.000e+00 	
-1.475e+01 	 1.000e-01 	 0.000e+00 	 0.000e+00 	
-1.465e+01 	 1.000e-01 	 0.000e+00 	 0.000e+00 	
-1.455e+01 	 1.000e-01 	 0.000e+00 	 0.000e+00 	
-1.445e+01 	 1.000e-01 	 0.000e+00 	 0.000e+00 	
-1.435e+01 	 1.000e-01 	 0.000e+00 	 0.000e+00 	
-1.425e+01 	 1.000e-01 	 0.000e+00 	 0.000e+00 	
-1.415e+01 	 1.000e-01 	 0.000e+00 	 0.000e+00 	
-1.405e+01 	 1.000e-01 	 0.000e+00 	 0.000e+00 	
-1.395e+01 	 1.000e-01 	 0.000e+00 	 0.000e+00 	
-1.385e+01 	 1.000e-01 	 0.000e+00 	 0.000e+00 	
-1.375e+01 	 1.000e-01 	 0.000e+00 	 0.000e+00 	
-1.365e+01 	 1.000e-01 	 0.000e+00 	 0.000e+00 	
-1.355e+01 	 1.000e-01 	 0.000e+00 	 0.000e+00 	
-1.345e+01 	 1.000e-01 	 0.000e+00 	 0.000e+00 	
-1.335e+01 	 1.000e-01 	 0.000e+00 	 0.000e+00 	
-1.325e+01 	 1.000e-01 	 0.000e+00 	 0.000e+00 	
-1.315e+01 	 1.000e-01 	 0.000e+00 	 0.000e+00 	
-1.305e+01 	 1.000e-01 	 0.000e+00 	 0.000e+00 	
-1.295e+01 	 1.000e-01 	 0.000e+00 	 0.000e+00 	
-1.285e+01 	 1.000e-01 	 0.000e+00 	 0.000e+00 	
-1.275e+01 	 1.000e-01 	 1.339e-25 	 1.339e-24 	
-1.265e+01 	 1.000e-01 	 0.000e+00 	 0.000e+00 	
-1.255e+01 	 1.000e-01 	 0.000e+00 	 0.000e+00 	
-1.245e+01 	 1.000e-01 	 0.000e+00 	 0.000e+00 	
-1.235e+01 	 1.000e-01 	 4.018e-25 	 4.018e-24 	
-1.225e+01 	 1.000e-01 	 2.678e-25 	 2.678e-24 	
-1.215e+01 	 1.000e-01 	 4.018e-25 	 4.018e-24 	
-1.205e+01 	 1.000e-01 	 1.339e-25 	 1.339e-24 	
-1.195e+01 	 1.000e-01 	 4.018e-25 	 4.018e-24 	
-1.185e+01 	 1.000e-01 	 1.339e-25 	 1.339e-24 	
-1.175e+01 	 1.000e-01 	 2.678e-25 	 2.678e-24 	
-1.165e+01 	 1.000e-01 	 1.339e-25 	 1.339e-24 	
-1.155e+01 	 1.000e-01 	 2.678e-25 	 2.678e-24 	
-1.145e+01 	 1.000e-01 	 6.696e-25 	 6.696e-24 	
-1.135e+01 	 1.000e-01 	 1.205e-24 	 1.205e-23 	
-1.125e+01 	 1.000e-01 	 3.080e-24 	 3.080e-23 	
-1.115e+01 	 1.000e-01 	 4.419e-24 	 4.419e-23 	
-1.105e+01 	 1.000e-01 	 1.085e-23 	 1.085e-22 	
-1.095e+01 	 1.000e-01 	 1.768e-23 	 1.768e-22 	
-1.085e+01 	 1.000e-01 	 3.107e-23 	 3.107e-22 	
-1.075e+01 	 1.000e-01 	 5.397e-23 	 5.397e-22 	
-1.065e+01 	 1.000e-01 	 6.924e-23 	 6.924e-22 	
-1.055e+01 	 1.000e-01 	 9.334e-23 	 9.334e-22 	
-1.045e+01 	 1.000e-01 	 1.232e-22 	 1.232e-21 	
-1.035e+01 	 1.000e-01 	 1.449e-22 	 1.449e-21 	
-1.025e+01 	 1.000e-01 	 1.583e-22 	 1.583e-21 	
-1.015e+01 	 1.000e-01 	 1.766e-22 	 1.766e-21 	
-1.005e+01 	 1.000e-01 	 1.938e-22 	 1.938e-21 	
-9.950e+00 	 1.000e-01 	 2.082e-22 	 2.082e-21 	
-9.850e+00 	 1.000e-01 	 2.178e-22 	 2.178e-21 	
-9.750e+00 	 1.000e-01 	 2.342e-22 	 2.342e-21 	
-9.650e+00 	 1.000e-01 	 2.471e-22 	 2.471e-21 	
-9.550e+00 	 1.000e-01 	 2.593e-22 	 2.593e-21 	
-9.450e+00 	 1.000e-01 	 2.886e-22 	 2.886e-21 	
-9.350e+00 	 1.000e-01 	 3.209e-22 	 3.209e-21 	
-9.250e+00 	 1.000e-01 	 3.507e-22 	 3.507e-21 	
-9.150e+00 	 1.000e-01 	 3.331e-22 	 3.331e-21 	
-9.050e+00 	 1.000e-01 	 2.786e-22 	 2.786e-21 	
-8.950e+00 	 1.000e-01 	 1.991e-22 	 1.991e-21 	
-8.850e+00 	 1.000e-01 	 1.118e-22 	 1.118e-21 	
-8.750e+00 	 1.000e-01 	 6.977e-23 	 6.977e-22 	
-8.650e+00 	 1.000e-01 	 3.482e-23 	 3.482e-22 	
-8.550e+00 	 1.000e-01 	 1.714e-23 	 1.714e-22 	
-8.450e+00 	 1.000e-01 	 8.035e-24 	 8.035e-23 	
-8.350e+00 	 1.000e-01 	 3.616e-24 	 3.616e-23 	
-8.250e+00 	 1.000e-01 	 1.071e-24 	 1.071e-23 	
-8.150e+00 	 1.000e-01 	 4.018e-25 	 4.018e-24 	
-8.050e+00 	 1.000e-01 	 2.678e-25 	 2.678e-24 	
-7.950e+00 	 1.000e-01 	 2.678e-25 	 2.678e-24 	
-7.850e+00 	 1.000e-01 	 4.018e-25 	 4.018e-24 	
-7.750e+00 	 1.000e-01 	 0.000e+00 	 0.000e+00 	
-7.650e+00 	 1.000e-01 	 5.357e-25 	 5.357e-24 	
-7.550e+00 	 1.000e-01 	 2.678e-25 	 2.678e-24 	
-7.450e+00 	 1.000e-01 	 5.357e-25 	 5.357e-24 	
-7.350e+00 	 1.000e-01 	 1.339e-25 	 1.339e-24 	
-7.250e+00 	 1.000e-01 	 4.018e-25 	 4.018e-24 	
-7.150e+00 	 1.000e-01 	 0.000e+00 	 0.000e+00 	
-7.050e+00 	 1.000e-01 	 0.000e+00 	 0.000e+00 	
-6.950e+00 	 1.000e-01 	 0.000e+00 	 0.000e+00 	
-6.850e+00 	 1.000e-01 	 0.000e+00 	 0.000e+00 	
-6.750e+00 	 1.000e-01 	 1.339e-25 	 1.339e-24 	
-6.650e+00 	 1.000e-01 	 0.000e+00 	 0.000e+00 	
# /Galaxies (SDSS)/'#2ecc71'/'-'/
