# log(g (m/s^2)) 	 dlog(g/(m/s^2)) 	 dN/dV (pc^-3) 	 dN/dlog(g/(m/s^2))dV (log(g/(m/s^2))^-1 pc^-3)
-1.495e+01 	 1.000e-01 	 0.000e+00 	 0.000e+00 	
-1.485e+01 	 1.000e-01 	 0.000e+00 	 0.000e+00 	
-1.475e+01 	 1.000e-01 	 0.000e+00 	 0.000e+00 	
-1.465e+01 	 1.000e-01 	 0.000e+00 	 0.000e+00 	
-1.455e+01 	 1.000e-01 	 0.000e+00 	 0.000e+00 	
-1.445e+01 	 1.000e-01 	 0.000e+00 	 0.000e+00 	
-1.435e+01 	 1.000e-01 	 0.000e+00 	 0.000e+00 	
-1.425e+01 	 1.000e-01 	 0.000e+00 	 0.000e+00 	
-1.415e+01 	 1.000e-01 	 0.000e+00 	 0.000e+00 	
-1.405e+01 	 1.000e-01 	 0.000e+00 	 0.000e+00 	
-1.395e+01 	 1.000e-01 	 0.000e+00 	 0.000e+00 	
-1.385e+01 	 1.000e-01 	 0.000e+00 	 0.000e+00 	
-1.375e+01 	 1.000e-01 	 0.000e+00 	 0.000e+00 	
-1.365e+01 	 1.000e-01 	 0.000e+00 	 0.000e+00 	
-1.355e+01 	 1.000e-01 	 2.231e-24 	 2.231e-23 	
-1.345e+01 	 1.000e-01 	 4.461e-24 	 4.461e-23 	
-1.335e+01 	 1.000e-01 	 4.461e-24 	 4.461e-23 	
-1.325e+01 	 1.000e-01 	 1.784e-23 	 1.784e-22 	
-1.315e+01 	 1.000e-01 	 1.115e-23 	 1.115e-22 	
-1.305e+01 	 1.000e-01 	 2.900e-23 	 2.900e-22 	
-1.295e+01 	 1.000e-01 	 4.015e-23 	 4.015e-22 	
-1.285e+01 	 1.000e-01 	 1.026e-22 	 1.026e-21 	
-1.275e+01 	 1.000e-01 	 1.361e-22 	 1.361e-21 	
-1.265e+01 	 1.000e-01 	 1.718e-22 	 1.718e-21 	
-1.255e+01 	 1.000e-01 	 1.963e-22 	 1.963e-21 	
-1.245e+01 	 1.000e-01 	 2.721e-22 	 2.721e-21 	
-1.235e+01 	 1.000e-01 	 3.234e-22 	 3.234e-21 	
-1.225e+01 	 1.000e-01 	 2.877e-22 	 2.877e-21 	
-1.215e+01 	 1.000e-01 	 3.480e-22 	 3.480e-21 	
-1.205e+01 	 1.000e-01 	 4.037e-22 	 4.037e-21 	
-1.195e+01 	 1.000e-01 	 3.034e-22 	 3.034e-21 	
-1.185e+01 	 1.000e-01 	 3.212e-22 	 3.212e-21 	
-1.175e+01 	 1.000e-01 	 2.699e-22 	 2.699e-21 	
-1.165e+01 	 1.000e-01 	 3.167e-22 	 3.167e-21 	
-1.155e+01 	 1.000e-01 	 2.654e-22 	 2.654e-21 	
-1.145e+01 	 1.000e-01 	 2.788e-22 	 2.788e-21 	
-1.135e+01 	 1.000e-01 	 2.810e-22 	 2.810e-21 	
-1.125e+01 	 1.000e-01 	 1.941e-22 	 1.941e-21 	
-1.115e+01 	 1.000e-01 	 1.874e-22 	 1.874e-21 	
-1.105e+01 	 1.000e-01 	 1.539e-22 	 1.539e-21 	
-1.095e+01 	 1.000e-01 	 1.450e-22 	 1.450e-21 	
-1.085e+01 	 1.000e-01 	 1.227e-22 	 1.227e-21 	
-1.075e+01 	 1.000e-01 	 1.115e-22 	 1.115e-21 	
-1.065e+01 	 1.000e-01 	 9.368e-23 	 9.368e-22 	
-1.055e+01 	 1.000e-01 	 5.799e-23 	 5.799e-22 	
-1.045e+01 	 1.000e-01 	 3.123e-23 	 3.123e-22 	
-1.035e+01 	 1.000e-01 	 2.900e-23 	 2.900e-22 	
-1.025e+01 	 1.000e-01 	 1.338e-23 	 1.338e-22 	
-1.015e+01 	 1.000e-01 	 2.231e-24 	 2.231e-23 	
-1.005e+01 	 1.000e-01 	 2.231e-24 	 2.231e-23 	
-9.950e+00 	 1.000e-01 	 0.000e+00 	 0.000e+00 	
-9.850e+00 	 1.000e-01 	 0.000e+00 	 0.000e+00 	
-9.750e+00 	 1.000e-01 	 0.000e+00 	 0.000e+00 	
-9.650e+00 	 1.000e-01 	 0.000e+00 	 0.000e+00 	
-9.550e+00 	 1.000e-01 	 2.231e-24 	 2.231e-23 	
-9.450e+00 	 1.000e-01 	 2.231e-24 	 2.231e-23 	
-9.350e+00 	 1.000e-01 	 0.000e+00 	 0.000e+00 	
-9.250e+00 	 1.000e-01 	 0.000e+00 	 0.000e+00 	
-9.150e+00 	 1.000e-01 	 0.000e+00 	 0.000e+00 	
-9.050e+00 	 1.000e-01 	 0.000e+00 	 0.000e+00 	
-8.950e+00 	 1.000e-01 	 0.000e+00 	 0.000e+00 	
-8.850e+00 	 1.000e-01 	 0.000e+00 	 0.000e+00 	
-8.750e+00 	 1.000e-01 	 0.000e+00 	 0.000e+00 	
-8.650e+00 	 1.000e-01 	 0.000e+00 	 0.000e+00 	
-8.550e+00 	 1.000e-01 	 0.000e+00 	 0.000e+00 	
-8.450e+00 	 1.000e-01 	 0.000e+00 	 0.000e+00 	
-8.350e+00 	 1.000e-01 	 0.000e+00 	 0.000e+00 	
-8.250e+00 	 1.000e-01 	 0.000e+00 	 0.000e+00 	
-8.150e+00 	 1.000e-01 	 0.000e+00 	 0.000e+00 	
-8.050e+00 	 1.000e-01 	 0.000e+00 	 0.000e+00 	
-7.950e+00 	 1.000e-01 	 0.000e+00 	 0.000e+00 	
-7.850e+00 	 1.000e-01 	 0.000e+00 	 0.000e+00 	
-7.750e+00 	 1.000e-01 	 0.000e+00 	 0.000e+00 	
-7.650e+00 	 1.000e-01 	 0.000e+00 	 0.000e+00 	
-7.550e+00 	 1.000e-01 	 0.000e+00 	 0.000e+00 	
-7.450e+00 	 1.000e-01 	 0.000e+00 	 0.000e+00 	
-7.350e+00 	 1.000e-01 	 0.000e+00 	 0.000e+00 	
-7.250e+00 	 1.000e-01 	 0.000e+00 	 0.000e+00 	
-7.150e+00 	 1.000e-01 	 0.000e+00 	 0.000e+00 	
-7.050e+00 	 1.000e-01 	 0.000e+00 	 0.000e+00 	
-6.950e+00 	 1.000e-01 	 0.000e+00 	 0.000e+00 	
-6.850e+00 	 1.000e-01 	 0.000e+00 	 0.000e+00 	
-6.750e+00 	 1.000e-01 	 0.000e+00 	 0.000e+00 	
-6.650e+00 	 1.000e-01 	 0.000e+00 	 0.000e+00 	
# /Galaxies (GAMA)/'#2ecc71'/'-'/
