# Planets.   Bin center, log10(M [M_\odot]) 	 Bin width, log10(M [M_\odot])     dN / dV [pc^-3]     dN / (dV dlogM) [pc^-3 log10(M / M\odot)]
-5.925380142898146296e+00 1.371359490115157751e-07 1.359296085962916807e-13 2.863825740239937520e-12
-5.877915799420004639e+00 5.139592382119026755e-07 1.359296085962916807e-13 2.863825740239937520e-12
-5.735522768985580555e+00 2.123286948368124856e-07 5.437184343851667227e-13 1.145530296095975008e-11
-5.688058425507438898e+00 2.368498061820924342e-07 1.359296085962916807e-13 2.863825740239937520e-12
-5.640594082029297240e+00 2.642027764151681250e-07 4.077888257888750420e-13 8.591477220719812156e-12
-5.593129738551155583e+00 2.947146471879220867e-07 1.359296085962916807e-13 2.863825740239937520e-12
-5.545665395073013926e+00 3.287502290688053458e-07 2.718592171925833614e-13 5.727651480479875040e-12
-5.498201051594872268e+00 3.667164633452358310e-07 4.077888257888750420e-13 8.591477220719812156e-12
-5.450736708116730611e+00 4.090672875555336011e-07 1.359296085962916807e-13 2.863825740239937520e-12
-5.403272364638588954e+00 9.653156915191506793e-07 5.437184343851667227e-13 1.145530296095975008e-11
-5.308343677682305639e+00 5.677900550403975606e-07 9.515072601740417142e-13 2.004678018167956547e-11
-5.260879334204163982e+00 6.333621774098630014e-07 1.223366477366624975e-12 2.577443166215943485e-11
-5.213414990726022324e+00 7.065069988674265434e-07 5.437184343851667227e-13 1.145530296095975008e-11
-5.165950647247880667e+00 7.880990644088396316e-07 5.437184343851667227e-13 1.145530296095975008e-11
-5.118486303769739010e+00 8.791139172262260457e-07 8.155776515777500841e-13 1.718295444143962431e-11
-5.071021960291597352e+00 9.806397626427254326e-07 1.223366477366624975e-12 2.577443166215943485e-11
-5.023557616813455695e+00 1.093890479074860878e-06 2.446732954733249949e-12 5.154886332431984552e-11
-4.976093273335314926e+00 1.220220131586283862e-06 1.223366477366624975e-12 2.577443166215943485e-11
-4.928628929857173269e+00 1.361139161561840817e-06 2.446732954733249949e-12 5.154886332431886971e-11
-4.881164586379031611e+00 1.518332446071647231e-06 2.038944128944374958e-12 4.295738610359906240e-11
-4.833700242900889954e+00 1.693679442848926010e-06 2.174873737540666891e-12 4.582121184383900032e-11
-4.786235899422748297e+00 1.889276661742146973e-06 1.767084911751791899e-12 3.722973462311918655e-11
-4.738771555944606639e+00 2.107462731318027579e-06 3.398240214907291865e-12 7.159564350599844164e-11
-4.691307212466464982e+00 2.350846360320194589e-06 2.990451389118416874e-12 6.300416628527862140e-11
-4.643842868988323325e+00 2.622337528300854292e-06 3.262310606311000336e-12 6.873181776575849725e-11
-4.596378525510181667e+00 2.925182278351216968e-06 3.398240214907291865e-12 7.159564350599844164e-11
-4.548914182032040010e+00 3.263001527924709749e-06 2.310803346136958420e-12 4.868503758407893825e-11
-4.501449838553898353e+00 3.639834361788988631e-06 2.582662563329542286e-12 5.441268906455881409e-11
-4.453985495075756695e+00 4.060186324732100366e-06 3.126380997714708807e-12 6.586799202551856579e-11
-4.406521151597615038e+00 4.529083291427315444e-06 2.174873737540666891e-12 4.582121184383985981e-11
-4.359056808119474269e+00 5.052131557543667567e-06 2.582662563329542286e-12 5.441268906455881409e-11
-4.311592464641332612e+00 5.635584870572042272e-06 2.990451389118416874e-12 6.300416628527862140e-11
-4.264128121163190954e+00 6.286419201811519555e-06 1.359296085962916908e-12 2.863825740239937278e-11
-4.216663777685049297e+00 7.012416153515132004e-06 2.174873737540666891e-12 4.582121184383900032e-11
-4.169199434206907640e+00 7.822255998440193171e-06 2.038944128944374958e-12 4.295738610359906240e-11
-4.121735090728765982e+00 8.725621464216986846e-06 8.155776515777500841e-13 1.718295444143962431e-11
-4.074270747250624325e+00 9.733313503417223030e-06 1.767084911751791899e-12 3.722973462311918655e-11
-4.026806403772482668e+00 1.085738043350995203e-05 9.515072601740417142e-13 2.004678018167956547e-11
-3.979342060294341010e+00 1.211126199074720160e-05 2.038944128944374958e-12 4.295738610359946306e-11
-3.931877716816199797e+00 1.350995002033850380e-05 5.437184343851667227e-13 1.145530296095975008e-11
-3.884413373338058140e+00 1.507016772417970350e-05 9.515072601740417142e-13 2.004678018167956547e-11
-3.836949029859916482e+00 1.681056960928840351e-05 1.223366477366624975e-12 2.577443166215943485e-11
-3.789484686381774825e+00 1.875196452759537348e-05 1.495225694559208437e-12 3.150208314263931070e-11
-3.742020342903633168e+00 2.091756447383583733e-05 2.038944128944374958e-12 4.295738610359906240e-11
-3.694555999425491510e+00 2.333326211625396258e-05 1.359296085962916908e-12 2.863825740239937278e-11
-3.647091655947349853e+00 2.602794037837486714e-05 1.767084911751791899e-12 3.722973462311918655e-11
-3.599627312469208196e+00 2.903381777331183068e-05 2.446732954733249949e-12 5.154886332431886971e-11
-3.552162968991066538e+00 3.238683361954521029e-05 1.631155303155500168e-12 3.436590888287957174e-11
-3.504698625512925325e+00 3.612707774395031033e-05 2.718592171925833815e-12 5.727651480479874556e-11
-3.457234282034783668e+00 4.029926980974644587e-05 2.854521780522125345e-12 6.014034054503868994e-11
-3.409769938556642010e+00 4.495329400038985772e-05 3.534169823503583799e-12 7.445946924623837310e-11
-3.362305595078500353e+00 5.014479545226786968e-05 3.398240214907291865e-12 7.159564350599844164e-11
-3.314841251600358696e+00 5.593584556735661068e-05 5.573113952447959564e-12 1.174168553498374226e-10
-3.267376908122217039e+00 6.239568416055133349e-05 5.165325126659084573e-12 1.088253781291176282e-10
-3.219912564644075381e+00 6.960154731504202886e-05 4.621606692273916840e-12 9.737007516815878122e-11
-3.172448221165934168e+00 7.763959084386309970e-05 4.213817866485041849e-12 8.877859794743805626e-11
-3.124983877687792511e+00 8.660592039883696766e-05 6.252761995429417614e-12 1.317359840510371316e-10
-3.077519534209650853e+00 9.660774054327164794e-05 5.165325126659084573e-12 1.088253781291176282e-10
-3.030055190731509196e+00 1.077646365271054183e-04 5.301254735255375698e-12 1.116892038693575596e-10
-2.982590847253367539e+00 1.202100040898632571e-04 5.029395518062792639e-12 1.059615523888776838e-10
-2.935126503775225881e+00 1.340926443866425862e-04 6.932410038410875664e-12 1.460551127522368147e-10
-2.887662160297084224e+00 1.495785431066201795e-04 6.252761995429417614e-12 1.317359840510371316e-10
-2.840197816818942567e+00 1.668528550558419073e-04 5.980902778236833748e-12 1.260083325705572428e-10
-2.792733473340800909e+00 1.861221179326579336e-04 5.301254735255375698e-12 1.116892038693586065e-10
-2.745269129862659696e+00 2.076167217644863793e-04 5.029395518062792639e-12 1.059615523888776838e-10
-2.697804786384518039e+00 2.315936635313145184e-04 5.709043561044250689e-12 1.202806810900773799e-10
-2.650340442906376381e+00 2.583396199112444696e-04 5.980902778236833748e-12 1.260083325705572428e-10
-2.602876099428234724e+00 2.881743748868238232e-04 4.621606692273916840e-12 9.737007516815787649e-11
-2.555411755950093067e+00 3.214546431938801441e-04 4.077888257888749915e-12 8.591477220719812480e-11
-2.507947412471951409e+00 3.585783353273085312e-04 3.262310606311000336e-12 6.873181776575849725e-11
-2.460483068993809752e+00 3.999893150977203312e-04 3.670099432099875732e-12 7.732329498647904127e-11
-2.413018725515668539e+00 4.461827066219918678e-04 3.398240214907291865e-12 7.159564350599844164e-11
-2.365554382037526882e+00 4.977108141998442137e-04 2.310803346136958420e-12 4.868503758407893825e-11
-2.318090038559385224e+00 5.551897258567175999e-04 2.990451389118416874e-12 6.300416628527862140e-11
-2.270625695081243567e+00 6.193066795070527536e-04 2.718592171925833815e-12 5.727651480479874556e-11
-2.223161351603101910e+00 6.908282798104853220e-04 3.126380997714708807e-12 6.586799202551856579e-11
-2.175697008124960252e+00 7.706096639645237771e-04 3.262310606311000336e-12 6.873181776575849725e-11
-2.128232664646818595e+00 8.596047260231203446e-04 2.854521780522125345e-12 6.014034054503868994e-11
-2.080768321168676938e+00 9.588775219866695065e-04 2.854521780522125345e-12 6.014034054503868994e-11
-2.033303977690535280e+00 1.069614992026659151e-03 3.398240214907291865e-12 7.159564350599809267e-11
-1.985839634212393401e+00 1.193141151956312327e-03 1.631155303155500168e-12 3.436590888287924863e-11
-1.938375290734251744e+00 1.330932923625430210e-03 1.903014520348083428e-12 4.009356036335931834e-11
-1.890910947256110308e+00 1.484637793513107675e-03 2.038944128944374958e-12 4.295738610359986373e-11
-1.843446603777969539e+00 1.656093510650779666e-03 1.223366477366624975e-12 2.577443166215931853e-11
-1.795982260299827660e+00 1.847350059390340292e-03 1.087436868770333445e-12 2.291060592191960679e-11
-1.748517916821686224e+00 2.060694169732253059e-03 1.359296085962916908e-12 2.863825740239937278e-11
-1.701053573343544567e+00 2.298676658266884509e-03 1.359296085962916908e-12 2.863825740239924353e-11
-1.653589229865402688e+00 2.564142926627261190e-03 5.437184343851667227e-13 1.145530296095980339e-11
-1.606124886387261252e+00 2.860266982103432196e-03 4.077888257888750420e-13 8.591477220719812156e-12
-1.558660542909119595e+00 3.190589387180576414e-03 1.359296085962916807e-13 2.863825740239937520e-12
-1.511196199430977938e+00 0.000000000000000000e+00 1.359296085962916807e-13 2.863825740239924192e-12
