# #bin_centre bin_width dndV dn(dVdlogM)
9.025000000000000355e+00 5.000000000000071054e-02 8.773026003663542037e-21 9.720804436192290549e-22
9.075000000000001066e+00 5.000000000000071054e-02 8.619253871734977131e-21 9.497800409625318417e-22
9.125000000000001776e+00 5.000000000000071054e-02 8.467154646347760619e-21 9.279073585038639558e-22
9.175000000000002487e+00 5.000000000000071054e-02 8.316612683856924557e-21 9.064427993304547117e-22
9.225000000000003197e+00 5.000000000000071054e-02 8.167505708978879223e-21 8.853664725180354047e-22
9.275000000000003908e+00 5.000000000000071054e-02 8.019704169805160401e-21 8.646581315153807439e-22
9.325000000000004619e+00 5.000000000000071054e-02 7.873070555405632991e-21 8.442971104992631806e-22
9.375000000000005329e+00 5.000000000000071054e-02 7.727458678502812474e-21 8.242622590402995307e-22
9.425000000000006040e+00 5.000000000000071054e-02 7.582712927362478747e-21 8.045318755822253884e-22
9.475000000000006750e+00 5.000000000000071054e-02 7.438667493174220884e-21 7.850836404405504295e-22
9.525000000000007461e+00 5.000000000000071054e-02 7.295145581890950497e-21 7.658945492798892159e-22
9.575000000000008171e+00 5.000000000000071054e-02 7.151958622878625239e-21 7.469408483424145547e-22
9.625000000000008882e+00 5.000000000000071054e-02 7.008905490935093365e-21 7.281979730841649008e-22
9.675000000000009592e+00 5.000000000000071054e-02 6.865771763428932870e-21 7.096404923440750008e-22
9.725000000000010303e+00 5.000000000000071054e-02 6.722329040663754026e-21 6.912420607366320437e-22
9.775000000000011013e+00 5.000000000000071054e-02 6.578334365286326173e-21 6.729753826379865631e-22
9.825000000000011724e+00 5.000000000000071054e-02 6.433529785836865671e-21 6.548121919426827839e-22
9.875000000000012434e+00 5.000000000000071054e-02 6.287642120598819389e-21 6.367232527188669482e-22
9.925000000000013145e+00 5.000000000000071054e-02 6.140382990945254598e-21 6.186783869970021688e-22
9.975000000000013856e+00 5.000000000000071054e-02 5.991449208567203262e-21 6.006465371997187916e-22
1.002500000000001457e+01 5.000000000000071054e-02 5.840523618406453519e-21 5.825958721602438508e-22
1.007500000000001528e+01 5.000000000000071054e-02 5.687276518786257874e-21 5.644939472740694049e-22
1.012500000000001599e+01 5.000000000000071054e-02 5.531367801939473607e-21 5.463079310557496635e-22
1.017500000000001670e+01 5.000000000000071054e-02 5.372449981401315380e-21 5.280049121770325515e-22
1.022500000000001741e+01 5.000000000000071054e-02 5.210172296693462331e-21 5.095523028551055189e-22
1.027500000000001812e+01 5.000000000000071054e-02 5.044186108956056299e-21 4.909183561027783010e-22
1.032500000000001883e+01 5.000000000000071054e-02 4.874151821516818767e-21 4.720728156432745225e-22
1.037500000000001954e+01 5.000000000000071054e-02 4.699747573677494304e-21 4.529877179448178489e-22
1.042500000000002025e+01 5.000000000000071054e-02 4.520679959862512934e-21 4.336383654544368544e-22
1.047500000000002096e+01 5.000000000000071054e-02 4.336697013814534261e-21 4.140044881923174555e-22
1.052500000000002167e+01 5.000000000000071054e-02 4.147603661073364658e-21 3.940716067528129388e-22
1.057500000000002238e+01 5.000000000000071054e-02 3.953279772951583792e-21 3.738326026431749723e-22
1.062500000000002309e+01 5.000000000000071054e-02 3.753700840142505145e-21 3.532894908369409162e-22
1.067500000000002380e+01 5.000000000000071054e-02 3.548961110968482944e-21 3.324553733928313971e-22
1.072500000000002451e+01 5.000000000000071054e-02 3.339298794522909421e-21 3.113565309578463281e-22
1.077500000000002522e+01 5.000000000000071054e-02 3.125122600184510609e-21 2.900345800635269813e-22
1.082500000000002593e+01 5.000000000000071054e-02 2.907038463899058842e-21 2.685485878890578894e-22
1.087500000000002665e+01 5.000000000000071054e-02 2.685874798445612213e-21 2.469769929605154667e-22
1.092500000000002736e+01 5.000000000000071054e-02 2.462704014453352323e-21 2.254191317577433418e-22
1.097500000000002807e+01 5.000000000000071054e-02 2.238857428408169185e-21 2.039961210394681861e-22
1.102500000000002878e+01 5.000000000000071054e-02 2.015930071706981682e-21 1.828508001548277969e-22
1.107500000000002949e+01 5.000000000000071054e-02 1.795771449066829943e-21 1.621464062362821874e-22
1.112500000000003020e+01 5.000000000000071054e-02 1.580458118219144253e-21 1.420636510758777534e-22
1.117500000000003091e+01 5.000000000000071054e-02 1.372244271063120319e-21 1.227959079251111039e-22
1.122500000000003162e+01 5.000000000000071054e-02 1.173487510340101418e-21 1.045423171795187619e-22
1.127500000000003233e+01 5.000000000000071054e-02 9.865489446177806193e-22 8.749879774880513099e-23
1.132500000000003304e+01 5.000000000000071054e-02 8.136697007352364420e-22 7.184721419295664871e-23
1.137500000000003375e+01 5.000000000000071054e-02 6.568299411792830758e-22 5.774329153224449433e-23
1.142500000000003446e+01 5.000000000000071054e-02 5.176011612389972329e-22 4.530425918940881337e-23
1.147500000000003517e+01 5.000000000000071054e-02 3.970072407146424324e-22 3.459758089016481393e-23
1.152500000000003588e+01 5.000000000000071054e-02 2.954133446812201143e-22 2.563239433242682681e-23
1.157500000000003659e+01 5.000000000000071054e-02 2.124629082863096341e-22 1.835532684978911160e-23
1.162500000000003730e+01 5.000000000000071054e-02 1.470801939330213785e-22 1.265205969316308940e-23
1.167500000000003801e+01 5.000000000000071054e-02 9.754837127384182125e-23 8.355320879986424648e-24
1.172500000000003872e+01 5.000000000000071054e-02 6.166098032415553242e-23 5.258932223808556945e-24
1.177500000000003944e+01 5.000000000000071054e-02 3.692990703066335845e-23 3.136297836999000748e-24
1.182500000000004015e+01 5.000000000000071054e-02 2.081926528375402744e-23 1.760614400317459381e-24
1.187500000000004086e+01 5.000000000000071054e-02 1.096642974428143756e-23 9.234888205710652725e-25
1.192500000000004157e+01 5.000000000000071054e-02 5.352785020294113296e-24 4.488708612405949358e-25
1.197500000000004228e+01 5.000000000000071054e-02 2.398678275732315025e-24 2.003071629004013899e-25
1.202500000000004299e+01 5.000000000000071054e-02 9.765899509563537040e-25 8.121330153483161567e-26
