1.317843083720064897e+04
1.491514123050919443e+04
1.688072280184290139e+04
1.910533718110332848e+04
2.162312082772864960e+04
2.447270885085556074e+04
2.769782786075503100e+04
3.134796694879102870e+04
3.547913709200645098e+04
4.015473063531145453e+04
4.544649403995089233e+04
5.143562882493832149e+04
5.821403759531205287e+04
6.588573427735106088e+04
7.456844020067481324e+04
8.439539051889849361e+04
9.551737868821853772e+04
1.081050703761522891e+05
1.223516223071807763e+05
1.384756462311230134e+05
1.567245634960604366e+05
1.773784017012906261e+05
2.007540916896299459e+05
2.272103308157983702e+05
2.571530871173329651e+05
2.910418288488122635e+05
3.293965749709820375e+05
3.728058747836337425e+05
4.219358391490224749e+05
4.775403618886382319e+05
5.404726881998409517e+05
6.116985076082255691e+05
6.923107723655644804e+05
7.835464686802355573e+05
8.868055981326019391e+05
1.003672660542930476e+06
1.135940967944454402e+06
1.285640162756459787e+06
1.455067362420568243e+06
1.646822408411867917e+06
1.863847760515948758e+06
2.109473648546254262e+06
2.387469174348857254e+06
2.702100148249946535e+06
3.058194547438904643e+06
3.461216600740239024e+06
3.917350636594500393e+06
4.433595980888746679e+06
5.017874360830985010e+06
5.679151462970808148e+06
6.427574510658174753e+06
7.274627972054913640e+06
8.233309788015820086e+06
9.318330824041962624e+06
1.054634060686968267e+07
1.193618280960160494e+07
1.350918440576697886e+07
1.528948292935088277e+07
1.730439686256100237e+07
1.958484483488827944e+07
2.216582006602713466e+07
2.508692733292597532e+07
2.839299070067527890e+07
3.213474134277656674e+07
3.636959600534772873e+07
4.116253806068176031e+07
4.658711466984349489e+07
5.272656535565775633e+07
5.967509930388456583e+07
6.753934099267768860e+07
7.643996633329892159e+07
8.651355442851221561e+07
9.791468336367762089e+07
1.108183021902198792e+08
1.254224154993220568e+08
1.419511217802464962e+08
1.606580521866867542e+08
1.818302624784965515e+08
2.057926378603322506e+08
2.329128783088066578e+08
2.636071408876662254e+08
2.983464256314692497e+08
3.376638029885730743e+08
3.821625937276830673e+08
4.325256268277382851e+08
4.895257174123830795e+08
5.540375255119009018e+08
6.270509776236257553e+08
7.096864570237197876e+08
8.032119959235963821e+08
9.090627332824850082e+08
1.028862936854885101e+09
1.164450927397895813e+09
1.317907287498168945e+09
1.491586787879543304e+09
1.688154521097070694e+09
1.910626797084924698e+09
2.162417428095705032e+09
2.447390113268951416e+09
2.769917726662582397e+09
3.134949418518062592e+09
3.548086559418800354e+09
4.015668692695816040e+09
4.544870814013854980e+09
5.143813470878791809e+09
5.821687371533157349e+09
6.588894415348709106e+09
7.457207308811607361e+09
8.439950216390014648e+09
9.552203218350799561e+09
1.081103371291035461e+10
1.223575831355270386e+10
1.384823926031077576e+10
1.567321989340138245e+10
1.773870433701567078e+10
2.007638721948477173e+10
2.272214002381317139e+10
2.571656153158328247e+10
2.910560080672912598e+10
3.294126227879565430e+10
3.728240374510626221e+10
4.219563953710229492e+10
4.775636270981384277e+10
5.404990193988745117e+10
6.117283088461218262e+10
6.923445009389849854e+10
7.835846421503918457e+10
8.868488022671057129e+10
1.003721558304420166e+11
1.135996309663640137e+11
1.285702797645815430e+11
1.455138251605522461e+11
1.646902639678947754e+11
1.863938565005129395e+11
2.109576419642238770e+11
2.387585489062602539e+11
2.702231791417841797e+11
3.058343539110683594e+11
3.461385227176386719e+11
3.917541485348906250e+11
4.433811980514252930e+11
5.018118825817836914e+11
5.679428144606791992e+11
6.427887654592080078e+11
7.274982383445673828e+11
8.233710905266601562e+11
9.318784802251875000e+11
1.054685441228454102e+12
1.193676432650769531e+12
1.350984255747613281e+12
1.529022781512785156e+12
1.730523991259488281e+12
1.958579898568785156e+12
2.216689995892986328e+12
2.508814953876800781e+12
2.839437397406890625e+12
3.213630690989765625e+12
3.637136788964906250e+12
4.116454345153027344e+12
4.658938433973796875e+12
5.272913413242960938e+12
5.967800660512656250e+12
6.754263143060312500e+12
7.644369039931062500e+12
8.651776926798750000e+12
9.791945365285468750e+12
1.108237011286642188e+13
1.254285259331312500e+13
1.419580374733492188e+13
1.606658792596218750e+13
1.818391210368315625e+13
2.058026638376365625e+13
2.329242255526034375e+13
2.636199835201384375e+13
2.983609607213796875e+13
3.376802535752540625e+13
3.821812122435531250e+13
4.325466989718287500e+13
4.895495665344412500e+13
5.540645175739981250e+13
6.270815268159575000e+13
7.097210321202593750e+13
8.032511274752950000e+13
9.091070217586287500e+13
1.028913061857256250e+14
1.164507658089038750e+14
1.317971494404206250e+14
1.491659456248285000e+14
1.688236766016530000e+14
1.910719880594142500e+14
2.162522778550952500e+14
2.447509347261000000e+14
2.770052673823810000e+14
3.135102149597710000e+14
3.548259418057910000e+14
4.015864331391250000e+14
4.545092234819465000e+14
5.144064071472115000e+14
5.821970997352360000e+14
