7.227040816326529837e-02 5.408163265306076273e-04 1.901859636755298270e-12
7.281122448979590600e-02 5.408163265306215051e-04 2.852789455133314547e-12
7.335204081632652751e-02 5.408163265306076273e-04 9.509298183776491351e-13
7.389285714285713513e-02 5.408163265306076273e-04 5.705578910265894811e-12
7.443367346938775664e-02 5.408163265306215051e-04 1.046022800215548506e-11
7.497448979591836427e-02 5.408163265306076273e-04 1.046022800215414089e-11
7.551530612244897189e-02 5.408163265306076273e-04 9.509298183777713543e-12
7.605612244897957952e-02 5.408163265306215051e-04 1.046022800215414089e-11
7.659693877551020103e-02 5.408163265306076273e-04 2.282231564106357924e-11
7.713775510204080865e-02 5.408163265306076273e-04 1.616580691242211415e-11
7.767857142857143016e-02 5.408163265306215051e-04 1.236208763890943835e-11
7.821938775510203778e-02 5.408163265306076273e-04 7.607438547021682604e-12
7.876020408163264541e-02 5.408163265306215051e-04 1.521487709404336521e-11
7.930102040816326692e-02 5.408163265306076273e-04 1.996952618593063466e-11
7.984183673469387454e-02 5.408163265306076273e-04 2.282231564106504943e-11
8.038265306122448217e-02 5.408163265306076273e-04 3.993905237186382842e-11
8.092346938775510368e-02 5.408163265306215051e-04 8.368182401723312712e-11
8.146428571428571130e-02 5.408163265306076273e-04 1.293264552993686156e-10
8.200510204081631893e-02 5.408163265306215051e-04 1.958915425858083081e-10
8.254591836734694044e-02 5.408163265306076273e-04 3.280707873403100718e-10
8.308673469387754806e-02 5.408163265306076273e-04 3.594514713467514369e-10
8.362755102040815569e-02 5.408163265306076273e-04 3.404328749792203115e-10
8.416836734693877720e-02 5.408163265306215051e-04 2.567510509619817818e-10
8.470918367346938482e-02 5.408163265306076273e-04 2.063517705879631243e-10
8.524999999999999245e-02 5.408163265306215051e-04 1.968424724041733924e-10
8.579081632653061396e-02 5.408163265306076273e-04 1.645108585793438853e-10
8.633163265306122158e-02 5.408163265306076273e-04 1.996952618593191550e-10
8.687244897959184309e-02 5.408163265306215051e-04 1.778238760366318238e-10
8.741326530612245072e-02 5.408163265306076273e-04 2.044499109511945693e-10
8.795408163265305834e-02 5.408163265306076273e-04 1.882841040387866400e-10
8.849489795918366597e-02 5.408163265306215051e-04 1.939896829490529104e-10
8.903571428571428747e-02 5.408163265306076273e-04 1.626089989425884618e-10
8.957653061224489510e-02 5.408163265306076273e-04 1.464431920301579660e-10
9.011734693877551661e-02 5.408163265306215051e-04 9.033833274588247304e-11
9.065816326530612423e-02 5.408163265306076273e-04 7.797624510697224628e-11
9.119897959183673186e-02 5.408163265306215051e-04 6.276136801292485180e-11
9.173979591836735337e-02 5.408163265306076273e-04 4.088998219024154662e-11
9.228061224489796099e-02 5.408163265306076273e-04 3.233161382484215389e-11
9.282142857142856862e-02 5.408163265306076273e-04 1.711673673079878545e-11
9.336224489795919013e-02 5.408163265306215051e-04 1.806766654917533397e-11
9.390306122448979775e-02 5.408163265306076273e-04 1.521487709404336521e-11
9.444387755102040538e-02 5.408163265306215051e-04 1.141115782053252471e-11
9.498469387755102689e-02 5.408163265306076273e-04 1.521487709404336521e-11
9.552551020408163451e-02 5.408163265306076273e-04 8.558368365398841812e-12
9.606632653061224214e-02 5.408163265306076273e-04 9.509298183777102851e-12
9.660714285714286365e-02 5.408163265306215051e-04 9.509298183777102851e-12
9.714795918367347127e-02 5.408163265306076273e-04 7.607438547021193081e-12
9.768877551020407890e-02 5.408163265306215051e-04 9.509298183777102851e-12
9.822959183673470041e-02 5.408163265306076273e-04 1.901859636755420570e-11
