3.050086568149316668e-01 1.001731362986346685e-02 9.210738964324308669e-13
3.151932147320601896e-01 1.035180220439357868e-02 2.763221689297303304e-12
3.257178456853133119e-01 1.069745970211266606e-02 9.210738964324345020e-13
3.365939050688907530e-01 1.105465906504227158e-02 3.684295585729738008e-12
3.478331274454759536e-01 1.142378568812807416e-02 7.368591171459476016e-12
3.594476392070679038e-01 1.180523783505588176e-02 1.197396065362160066e-11
3.714499716585719646e-01 1.219942706795212883e-02 9.210738964324344616e-12
3.838530745382645604e-01 1.260677869143317364e-02 9.210738964324344616e-12
3.966703299897217372e-01 1.302773221148106897e-02 1.842147792864868923e-11
4.099155670002831986e-01 1.346274180964196487e-02 2.026362572151355460e-11
4.236030763216336870e-01 1.391227683305895635e-02 1.105288675718917121e-11
4.377476258885962812e-01 1.437682230086628765e-02 1.013181286075677730e-11
4.523644767527769117e-01 1.485687942749497337e-02 1.197396065362164752e-11
4.674693995482490649e-01 1.535296616344927756e-02 1.750040403221618546e-11
4.830786915070448551e-01 1.586561775414235820e-02 2.302684741081085588e-11
4.992091940428119434e-01 1.639538731739170752e-02 4.052725144302695410e-11
5.158783109216058538e-01 1.694284644019627972e-02 8.013342898962210883e-11
5.331040270394256098e-01 1.750858579544312121e-02 1.261871238112435104e-10
5.509049278267493799e-01 1.809321577920441904e-02 1.906622965615124542e-10
5.693002193010088252e-01 1.869736716931447162e-02 3.288233810263803553e-10
5.883097487886361776e-01 1.932169180594034419e-02 3.619820412979467429e-10
6.079540263390427191e-01 1.996686329487262768e-02 3.260601593370805499e-10
6.282542468536308489e-01 2.063357773430363196e-02 2.597428387939469993e-10
6.492323129537189708e-01 2.132255446587272285e-02 2.072416266972973540e-10
6.709108586120491324e-01 2.203453685078760049e-02 1.832937053900544402e-10
6.933132735733753549e-01 2.277029307186473339e-02 1.750040403221625461e-10
7.164637285904813524e-01 2.353061696234737266e-02 1.851358531829185818e-10
7.403872015028554188e-01 2.431632886240064906e-02 1.869780009757843519e-10
7.651095041861586399e-01 2.512827650420590420e-02 2.044784050080004437e-10
7.906573104015656162e-01 2.596733592660793732e-02 1.989519616294045034e-10
8.170581845750215511e-01 2.683441242030393248e-02 1.860569270793517383e-10
8.443406115374709753e-01 2.773044150459480495e-02 1.473718234291900825e-10
8.725340272581426637e-01 2.865638993674868296e-02 1.215817543290808817e-10
9.016688506040513307e-01 2.961325675506876198e-02 8.289665067891929057e-11
9.317765161599822488e-01 3.060207435679296317e-02 6.908054223243224454e-11
9.628895081443691328e-01 3.162390961198069395e-02 5.250121209664894089e-11
9.950413954576593500e-01 3.267986501459985149e-02 2.855329078940531951e-11
1.028266867900980541e+00 3.377107987204253092e-02 2.947436468583787821e-11
1.062601773604185507e+00 3.489873153436717779e-02 1.750040403221628563e-11
1.098083157703659607e+00 3.606403666458124491e-02 1.473718234291889387e-11
1.134749302311620855e+00 3.726825255134125214e-02 1.381610844648646119e-11
1.172639767820034873e+00 3.851267846548678264e-02 1.473718234291900373e-11
1.211795435583713054e+00 3.979865706186980212e-02 1.013181286075677730e-11
1.252258552028643335e+00 4.112757582799053679e-02 1.013181286075670945e-11
1.294072774233141931e+00 4.250086858100665665e-02 1.013181286075681769e-11
1.337283217031011162e+00 4.392001701473202679e-02 4.605369482162167461e-12
1.381936501687519137e+00 4.538655229828369997e-02 1.105288675718921322e-11
1.428080806200719755e+00 4.690205672811753601e-02 1.565825623935132655e-11
1.475765917282389150e+00 4.846816543522147747e-02 3.684295585729730738e-12
