7.011524422345320537e-09 2.230488446906308258e-10 1.901859636755298270e-12
7.238178396537228217e-09 2.302591036931837065e-10 2.852789455133314547e-12
7.472159168857837899e-09 2.377024409480348313e-10 9.509298183776491351e-13
7.713703584793814989e-09 2.453863909239201757e-10 5.705578910265894811e-12
7.963056146079920370e-09 2.533187316482905863e-10 1.046022800215548506e-11
8.220469258194360529e-09 2.615074925805897323e-10 1.046022800215414089e-11
8.486203485854501181e-09 2.699609627396932254e-10 9.509298183777713543e-12
8.760527816771794844e-09 2.786876990948941008e-10 1.046022800215414089e-11
9.043719933932821300e-09 2.876965352271571561e-10 2.282231564106357924e-11
9.336066496681981406e-09 2.969965902711647114e-10 1.616580691242211415e-11
9.637863430890632632e-09 3.065972781461360848e-10 1.236208763890943835e-11
9.949416228506019288e-09 3.165083170846355746e-10 7.607438547021682604e-12
1.027104025678345861e-08 3.267397394702447194e-10 1.521487709404336521e-11
1.060306107751482585e-08 3.373019019924897562e-10 1.996952618593063466e-11
1.094581477657624491e-08 3.482054961303483777e-10 2.282231564106504943e-11
1.129964830412882636e-08 3.594615589748128613e-10 3.993905237186382842e-11
1.166491982581669385e-08 3.710814844009254248e-10 8.368182401723312712e-11
1.204199908531773201e-08 3.830770346011492359e-10 1.293264552993686156e-10
1.243126777861419150e-08 3.954603519917714076e-10 1.958915425858083081e-10
1.283311994036195705e-08 4.082439715037580356e-10 3.280707873403100718e-10
1.324796234274948498e-08 4.214408332712961675e-10 3.594514713467514369e-10
1.367621490725023164e-08 4.350642957301988030e-10 3.404328749792203115e-10
1.411831112968541214e-08 4.491281491401622024e-10 2.567510509619817818e-10
1.457469851902729615e-08 4.636466295436058139e-10 2.063517705879631243e-10
1.504583905038717712e-08 4.786344331761577783e-10 1.968424724041733924e-10
1.553220963264658575e-08 4.941067313426611393e-10 1.645108585793438853e-10
1.603430259120517785e-08 5.100791857745197607e-10 1.996952618593191550e-10
1.655262616633388077e-08 5.265679644828893894e-10 1.778238760366318238e-10
1.708770502763773131e-08 5.435897581248083805e-10 2.044499109511945693e-10
1.764008080514914348e-08 5.611617968980192555e-10 1.882841040387866400e-10
1.821031263758938262e-08 5.793018679824524212e-10 1.939896829490529104e-10
1.879897773835303937e-08 5.980283335448610672e-10 1.626089989425884618e-10
1.940667197978845815e-08 6.173601493259798109e-10 1.464431920301579660e-10
2.003401049636551824e-08 6.373168838281370593e-10 9.033833274588247304e-11
2.068162830734145803e-08 6.579187381237491371e-10 7.797624510697224628e-11
2.135018095955499805e-08 6.791865663033276000e-10 6.276136801292485180e-11
2.204034519099912517e-08 7.011418965849266346e-10 4.088998219024154662e-11
2.275281961584473799e-08 7.238069531062990142e-10 3.233161382484215389e-11
2.348832543160823826e-08 7.472046784207015147e-10 1.711673673079878545e-11
2.424760714917890361e-08 7.713587567206325039e-10 1.806766654917533397e-11
2.503143334644505825e-08 7.962936378116734544e-10 1.521487709404336521e-11
2.584059744628197648e-08 8.220345618621630048e-10 1.141115782053252471e-11
2.667591851968900187e-08 8.486075849518877886e-10 1.521487709404336521e-11
2.753824211488868944e-08 8.760396054474873452e-10 8.558368365398841812e-12
2.842844111322732756e-08 9.043583912297855791e-10 9.509298183777102851e-12
2.934741661274334778e-08 9.335926078022581681e-10 9.509298183777102851e-12
3.029609884029795692e-08 9.637718473069667353e-10 7.607438547021193081e-12
3.127544809319091327e-08 9.949266584789459683e-10 9.509298183777102851e-12
3.228645571121519605e-08 1.027088577569619592e-09 1.901859636755420570e-11
