# [0] log10 R / pc, [1] Bin width log10 R / pc, [2] dN/dV (pc^-3), [3] dN/dVlogM (pc^-3 log10 R/pc)
1.024999999999999911e+00 5.000000000000004441e-02 0.000000000000000000e+00 0.000000000000000000e+00
1.075000000000000178e+00 5.000000000000004441e-02 0.000000000000000000e+00 0.000000000000000000e+00
1.125000000000000000e+00 5.000000000000004441e-02 0.000000000000000000e+00 0.000000000000000000e+00
1.175000000000000266e+00 5.000000000000004441e-02 0.000000000000000000e+00 0.000000000000000000e+00
1.225000000000000089e+00 5.000000000000004441e-02 0.000000000000000000e+00 0.000000000000000000e+00
1.275000000000000355e+00 5.000000000000004441e-02 0.000000000000000000e+00 0.000000000000000000e+00
1.325000000000000178e+00 5.000000000000004441e-02 0.000000000000000000e+00 0.000000000000000000e+00
1.375000000000000444e+00 5.000000000000004441e-02 0.000000000000000000e+00 0.000000000000000000e+00
1.425000000000000266e+00 5.000000000000004441e-02 0.000000000000000000e+00 0.000000000000000000e+00
1.475000000000000533e+00 5.000000000000004441e-02 0.000000000000000000e+00 0.000000000000000000e+00
1.525000000000000355e+00 5.000000000000004441e-02 0.000000000000000000e+00 0.000000000000000000e+00
1.575000000000000622e+00 5.000000000000004441e-02 0.000000000000000000e+00 0.000000000000000000e+00
1.625000000000000444e+00 5.000000000000004441e-02 0.000000000000000000e+00 0.000000000000000000e+00
1.675000000000000711e+00 5.000000000000004441e-02 0.000000000000000000e+00 0.000000000000000000e+00
1.725000000000000533e+00 5.000000000000004441e-02 0.000000000000000000e+00 0.000000000000000000e+00
1.775000000000000799e+00 5.000000000000004441e-02 0.000000000000000000e+00 0.000000000000000000e+00
1.825000000000000622e+00 5.000000000000004441e-02 0.000000000000000000e+00 0.000000000000000000e+00
1.875000000000000888e+00 5.000000000000004441e-02 0.000000000000000000e+00 0.000000000000000000e+00
1.925000000000000711e+00 5.000000000000004441e-02 0.000000000000000000e+00 0.000000000000000000e+00
1.975000000000000977e+00 5.000000000000004441e-02 0.000000000000000000e+00 0.000000000000000000e+00
2.025000000000000799e+00 4.999999999999982236e-02 0.000000000000000000e+00 0.000000000000000000e+00
2.075000000000001066e+00 5.000000000000026645e-02 0.000000000000000000e+00 0.000000000000000000e+00
2.125000000000000888e+00 5.000000000000026645e-02 0.000000000000000000e+00 0.000000000000000000e+00
2.175000000000001155e+00 4.999999999999982236e-02 0.000000000000000000e+00 0.000000000000000000e+00
2.225000000000000977e+00 4.999999999999982236e-02 0.000000000000000000e+00 0.000000000000000000e+00
2.275000000000001243e+00 5.000000000000026645e-02 0.000000000000000000e+00 0.000000000000000000e+00
2.325000000000001066e+00 5.000000000000026645e-02 0.000000000000000000e+00 0.000000000000000000e+00
2.375000000000001332e+00 4.999999999999982236e-02 0.000000000000000000e+00 0.000000000000000000e+00
2.425000000000001155e+00 4.999999999999982236e-02 0.000000000000000000e+00 0.000000000000000000e+00
2.475000000000001421e+00 5.000000000000026645e-02 0.000000000000000000e+00 0.000000000000000000e+00
2.525000000000001243e+00 5.000000000000026645e-02 0.000000000000000000e+00 0.000000000000000000e+00
2.575000000000001510e+00 4.999999999999982236e-02 0.000000000000000000e+00 0.000000000000000000e+00
2.625000000000001332e+00 4.999999999999982236e-02 0.000000000000000000e+00 0.000000000000000000e+00
2.675000000000001599e+00 5.000000000000026645e-02 0.000000000000000000e+00 0.000000000000000000e+00
2.725000000000001421e+00 5.000000000000026645e-02 0.000000000000000000e+00 0.000000000000000000e+00
2.775000000000001688e+00 4.999999999999982236e-02 0.000000000000000000e+00 0.000000000000000000e+00
2.825000000000001510e+00 4.999999999999982236e-02 0.000000000000000000e+00 0.000000000000000000e+00
2.875000000000001776e+00 5.000000000000026645e-02 0.000000000000000000e+00 0.000000000000000000e+00
2.925000000000001599e+00 5.000000000000026645e-02 0.000000000000000000e+00 0.000000000000000000e+00
2.975000000000001865e+00 4.999999999999982236e-02 0.000000000000000000e+00 0.000000000000000000e+00
3.025000000000001688e+00 4.999999999999982236e-02 0.000000000000000000e+00 0.000000000000000000e+00
3.075000000000001954e+00 5.000000000000026645e-02 0.000000000000000000e+00 0.000000000000000000e+00
3.125000000000001776e+00 5.000000000000026645e-02 0.000000000000000000e+00 0.000000000000000000e+00
3.175000000000002043e+00 4.999999999999982236e-02 0.000000000000000000e+00 0.000000000000000000e+00
3.225000000000001865e+00 4.999999999999982236e-02 0.000000000000000000e+00 0.000000000000000000e+00
3.275000000000002132e+00 5.000000000000026645e-02 0.000000000000000000e+00 0.000000000000000000e+00
3.325000000000001954e+00 5.000000000000026645e-02 0.000000000000000000e+00 0.000000000000000000e+00
3.375000000000002220e+00 4.999999999999982236e-02 0.000000000000000000e+00 0.000000000000000000e+00
3.425000000000002043e+00 4.999999999999982236e-02 0.000000000000000000e+00 0.000000000000000000e+00
3.475000000000002309e+00 5.000000000000026645e-02 0.000000000000000000e+00 0.000000000000000000e+00
3.525000000000002132e+00 5.000000000000026645e-02 0.000000000000000000e+00 0.000000000000000000e+00
3.575000000000002398e+00 4.999999999999982236e-02 0.000000000000000000e+00 0.000000000000000000e+00
3.625000000000002220e+00 4.999999999999982236e-02 0.000000000000000000e+00 0.000000000000000000e+00
3.675000000000002487e+00 5.000000000000026645e-02 0.000000000000000000e+00 0.000000000000000000e+00
3.725000000000002309e+00 5.000000000000026645e-02 0.000000000000000000e+00 0.000000000000000000e+00
3.775000000000002576e+00 4.999999999999982236e-02 0.000000000000000000e+00 0.000000000000000000e+00
3.825000000000002398e+00 4.999999999999982236e-02 0.000000000000000000e+00 0.000000000000000000e+00
3.875000000000002665e+00 5.000000000000026645e-02 0.000000000000000000e+00 0.000000000000000000e+00
3.925000000000002487e+00 5.000000000000026645e-02 0.000000000000000000e+00 0.000000000000000000e+00
3.975000000000002753e+00 4.999999999999982236e-02 0.000000000000000000e+00 0.000000000000000000e+00
4.025000000000002132e+00 4.999999999999982236e-02 0.000000000000000000e+00 0.000000000000000000e+00
4.075000000000002842e+00 5.000000000000071054e-02 0.000000000000000000e+00 0.000000000000000000e+00
4.125000000000003553e+00 4.999999999999982236e-02 1.695811132509988194e-24 3.391622265019988731e-23
4.175000000000002487e+00 4.999999999999982236e-02 2.633886655675364824e-24 5.267773311350748457e-23
4.225000000000003197e+00 4.999999999999982236e-02 4.582284739149879231e-24 9.164569478299791375e-23
4.275000000000002132e+00 4.999999999999982236e-02 8.154246917990620685e-24 1.630849383598130015e-22
4.325000000000002842e+00 5.000000000000071054e-02 2.395769306978764499e-23 4.791538613957461290e-22
4.375000000000003553e+00 4.999999999999982236e-02 5.145137626113795330e-23 1.029027525222762640e-21
4.425000000000002487e+00 4.999999999999982236e-02 8.634121735144873172e-23 1.726824347028980653e-21
4.475000000000003197e+00 5.000000000000071054e-02 1.603027963410534328e-22 3.206055926821023141e-21
4.525000000000003908e+00 4.999999999999982236e-02 3.597494009137017799e-22 7.194988018274061177e-21
4.575000000000002842e+00 4.999999999999982236e-02 1.007445906443046076e-21 2.014891812886099374e-20
4.625000000000003553e+00 4.999999999999982236e-02 3.749499856777769751e-21 7.498999713555565984e-20
4.675000000000002487e+00 4.999999999999982236e-02 1.474026804281545518e-20 2.948053608563101628e-19
4.725000000000003197e+00 5.000000000000071054e-02 1.453207540680638113e-20 2.906415081361234819e-19
4.775000000000003908e+00 4.999999999999982236e-02 1.153357638245719977e-20 2.306715276491448140e-19
4.825000000000002842e+00 4.999999999999982236e-02 8.409525235171820286e-21 1.681905047034370076e-19
4.875000000000003553e+00 5.000000000000071054e-02 6.041953376286059106e-21 1.208390675257194729e-19
4.925000000000004263e+00 4.999999999999982236e-02 4.328481049125140130e-21 8.656962098250311556e-20
4.975000000000003197e+00 4.999999999999982236e-02 3.139990529948364195e-21 6.279981059896751260e-20
5.025000000000003908e+00 4.999999999999982236e-02 2.413280050077851530e-21 4.826560100155719912e-20
5.075000000000002842e+00 4.999999999999982236e-02 1.901384497878238810e-21 3.802768995756490860e-20
5.125000000000003553e+00 5.000000000000071054e-02 1.453957334669477684e-21 2.907914669338913840e-20
5.175000000000004263e+00 4.999999999999982236e-02 1.100460407425234193e-21 2.200920814850476210e-20
5.225000000000003197e+00 4.999999999999982236e-02 8.165758986061564373e-22 1.633151797212318592e-20
5.275000000000003908e+00 5.000000000000071054e-02 6.177165094695801278e-22 1.235433018939142651e-20
5.325000000000004619e+00 4.999999999999982236e-02 4.771151923811721347e-22 9.542303847623477300e-21
5.375000000000003553e+00 4.999999999999982236e-02 3.577362278835777578e-22 7.154724557671580735e-21
5.425000000000004263e+00 4.999999999999982236e-02 2.538345881286747972e-22 5.076691762573514000e-21
5.475000000000003197e+00 4.999999999999982236e-02 1.730810808281854704e-22 3.461621616563721446e-21
5.525000000000003908e+00 5.000000000000071054e-02 1.206261977649594889e-22 2.412523955299155548e-21
5.575000000000004619e+00 4.999999999999982236e-02 8.083105548291617310e-23 1.616621109658329293e-21
5.625000000000003553e+00 4.999999999999982236e-02 5.812236272892133522e-23 1.162447254578430842e-21
5.675000000000004263e+00 5.000000000000071054e-02 4.030566781635338756e-23 8.061133563270562785e-22
5.725000000000004974e+00 4.999999999999982236e-02 2.935198704856134140e-23 5.870397409712288969e-22
5.775000000000003908e+00 4.999999999999982236e-02 2.252128464646329255e-23 4.504256929292674498e-22
5.825000000000004619e+00 4.999999999999982236e-02 1.471476761549409387e-23 2.942953523098829119e-22
5.875000000000003553e+00 4.999999999999982236e-02 1.105707834436117462e-23 2.211415668872242918e-22
5.925000000000004263e+00 5.000000000000071054e-02 8.678934083271220057e-24 1.735786816654219326e-22
5.975000000000004974e+00 4.999999999999982236e-02 5.421910421343673588e-24 1.084382084268738479e-22
6.025000000000003908e+00 4.999999999999982236e-02 3.864484424271176169e-24 7.728968848542379373e-23
6.075000000000004619e+00 5.000000000000071054e-02 2.643100551048346242e-24 5.286201102096617253e-23
6.125000000000005329e+00 4.999999999999982236e-02 1.156760387867124639e-24 2.313520775734257507e-23
6.175000000000004263e+00 4.999999999999982236e-02 9.370405376577266629e-25 1.874081075315460085e-23
6.225000000000004974e+00 4.999999999999982236e-02 3.618915179919496078e-25 7.237830359839018604e-24
6.275000000000003908e+00 4.999999999999982236e-02 1.809457589959748039e-25 3.618915179919509302e-24
6.325000000000004619e+00 5.000000000000071054e-02 7.108583389127581581e-26 1.421716677825496112e-24
6.375000000000005329e+00 4.999999999999982236e-02 7.754818242684634452e-26 1.550963648536932401e-24
6.425000000000004263e+00 4.999999999999982236e-02 0.000000000000000000e+00 0.000000000000000000e+00
6.475000000000004974e+00 5.000000000000071054e-02 0.000000000000000000e+00 0.000000000000000000e+00
6.525000000000005684e+00 4.999999999999982236e-02 0.000000000000000000e+00 0.000000000000000000e+00
6.575000000000004619e+00 4.999999999999982236e-02 0.000000000000000000e+00 0.000000000000000000e+00
6.625000000000005329e+00 4.999999999999982236e-02 0.000000000000000000e+00 0.000000000000000000e+00
6.675000000000004263e+00 4.999999999999982236e-02 0.000000000000000000e+00 0.000000000000000000e+00
6.725000000000004974e+00 5.000000000000071054e-02 0.000000000000000000e+00 0.000000000000000000e+00
6.775000000000005684e+00 4.999999999999982236e-02 0.000000000000000000e+00 0.000000000000000000e+00
6.825000000000004619e+00 4.999999999999982236e-02 0.000000000000000000e+00 0.000000000000000000e+00
6.875000000000005329e+00 5.000000000000071054e-02 0.000000000000000000e+00 0.000000000000000000e+00
6.925000000000006040e+00 4.999999999999982236e-02 0.000000000000000000e+00 0.000000000000000000e+00
