# [0] log10 Mass / Msun, [1] Bin width log10 Mass / Msun, [2] dN/dV (pc^-3), [3] dN/dVlogM (pc^-3 log10 Mass/Msun)
5.025000000000000355e+00 4.999999999999982236e-02 0.000000000000000000e+00 0.000000000000000000e+00
5.074999999999999289e+00 4.999999999999982236e-02 0.000000000000000000e+00 0.000000000000000000e+00
5.125000000000000000e+00 4.999999999999982236e-02 0.000000000000000000e+00 0.000000000000000000e+00
5.174999999999998934e+00 4.999999999999982236e-02 0.000000000000000000e+00 0.000000000000000000e+00
5.224999999999999645e+00 4.999999999999982236e-02 0.000000000000000000e+00 0.000000000000000000e+00
5.274999999999998579e+00 4.999999999999982236e-02 7.368036782626377785e-25 1.473607356525280847e-23
5.324999999999999289e+00 4.999999999999982236e-02 0.000000000000000000e+00 0.000000000000000000e+00
5.374999999999998224e+00 4.999999999999982236e-02 7.368037768702509311e-25 1.473607553740507152e-23
5.424999999999998934e+00 4.999999999999982236e-02 7.368035796550246259e-25 1.473607159310054541e-23
5.474999999999997868e+00 4.999999999999982236e-02 7.368035796550246259e-25 1.473607159310054541e-23
5.524999999999998579e+00 4.999999999999982236e-02 2.210410738965073878e-24 4.420821477930163624e-23
5.574999999999997513e+00 4.999999999999982236e-02 2.947214713050551114e-24 5.894429426101123387e-23
5.624999999999998224e+00 4.999999999999982236e-02 1.842009777441512047e-23 3.684019554883037259e-22
5.674999999999997158e+00 4.999999999999982236e-02 5.747061215991497703e-23 1.149412243198303678e-21
5.724999999999997868e+00 4.999999999999982236e-02 1.127312525819586357e-22 2.254625051639180613e-21
5.774999999999996803e+00 4.999999999999982236e-02 2.343048154961033838e-22 4.686096309922084228e-21
5.824999999999997513e+00 4.999999999999982236e-02 4.155593535830434170e-22 8.311187071660898434e-21
5.874999999999996447e+00 4.999999999999982236e-02 6.248134808261828561e-22 1.249626961652370226e-20
5.924999999999997158e+00 4.999999999999982236e-02 1.050646100558159850e-21 2.101292201116327224e-20
5.974999999999996092e+00 4.999999999999982236e-02 1.307694192470342961e-21 2.615388384940695251e-20
6.024999999999996803e+00 4.999999999999982236e-02 1.551550510563313389e-21 3.103101021126637611e-20
6.074999999999995737e+00 4.999999999999982236e-02 1.576601400764669070e-21 3.153202801529349576e-20
6.124999999999996447e+00 4.999999999999982236e-02 1.363687211356793807e-21 2.727374422713597244e-20
6.174999999999995381e+00 4.999999999999982236e-02 1.071206971191840302e-21 2.142413942383688127e-20
6.224999999999996092e+00 4.999999999999982236e-02 6.240100291496588764e-22 1.248020058299322116e-20
6.274999999999995026e+00 4.999999999999982236e-02 8.354540342656918443e-22 1.670908068531389707e-20
6.324999999999995737e+00 4.999999999999982236e-02 1.225180502987477612e-21 2.450361005974963950e-20
6.374999999999994671e+00 4.999999999999982236e-02 1.325376793650797820e-21 2.650753587301604970e-20
6.424999999999995381e+00 4.999999999999982236e-02 1.122036573598370296e-21 2.244073147196748415e-20
6.474999999999994316e+00 4.999999999999982236e-02 1.012984442060617624e-21 2.025968884121242470e-20
6.524999999999995026e+00 4.999999999999982236e-02 1.185375667182630940e-21 2.370751334365270306e-20
6.574999999999993960e+00 4.999999999999982236e-02 1.138227987854242255e-21 2.276455975708492636e-20
6.624999999999994671e+00 4.999999999999982236e-02 1.052018642802597510e-21 2.104037285605202543e-20
6.674999999999993605e+00 4.999999999999982236e-02 1.163998218226963631e-21 2.327996436453935387e-20
6.724999999999994316e+00 4.999999999999982236e-02 1.014446548416790456e-21 2.028893096833588134e-20
6.774999999999993250e+00 4.999999999999982236e-02 1.064542674264533194e-21 2.129085348529073912e-20
6.824999999999993960e+00 4.999999999999982236e-02 1.025497164412616060e-21 2.050994328825239342e-20
6.874999999999992895e+00 4.999999999999982236e-02 1.047598396404267268e-21 2.095196792808542059e-20
6.924999999999993605e+00 4.999999999999982236e-02 9.709807921665430797e-22 1.941961584333093081e-20
6.974999999999992539e+00 4.999999999999982236e-02 1.017393379349010617e-21 2.034786758698028456e-20
7.024999999999993250e+00 4.999999999999982236e-02 9.989756860226346101e-22 1.997951372045276442e-20
7.074999999999992184e+00 4.999999999999982236e-02 9.975022705565245296e-22 1.995004541113056281e-20
7.124999999999992895e+00 4.999999999999982236e-02 1.037284488141496704e-21 2.074568976283000631e-20
7.174999999999991829e+00 4.999999999999982236e-02 1.083697075323964241e-21 2.167394150647936307e-20
7.224999999999992539e+00 4.999999999999982236e-02 1.113902092379220893e-21 2.227804184758449609e-20
7.274999999999991473e+00 4.999999999999982236e-02 1.219254529380359437e-21 2.438509058760727601e-20
7.324999999999992184e+00 4.999999999999982236e-02 1.365119429350989626e-21 2.730238858701988881e-20
7.374999999999991118e+00 4.999999999999982236e-02 1.432896540792053331e-21 2.865793081584116893e-20
7.424999999999991829e+00 4.999999999999982236e-02 1.594235534331107151e-21 3.188471068662225736e-20
7.474999999999990763e+00 4.999999999999982236e-02 1.871974349692857334e-21 3.743948699385727908e-20
7.524999999999991473e+00 4.999999999999982236e-02 2.182865013042084329e-21 4.365730026084184306e-20
7.574999999999990408e+00 4.999999999999982236e-02 2.386933055098330484e-21 4.773866110196677820e-20
7.624999999999991118e+00 4.999999999999982236e-02 2.719924950439208688e-21 5.439849900878436635e-20
7.674999999999990052e+00 4.999999999999982236e-02 3.106696510293104831e-21 6.213393020586231329e-20
7.724999999999990763e+00 4.999999999999982236e-02 3.296767105421305221e-21 6.593534210842633313e-20
7.774999999999989697e+00 4.999999999999982236e-02 3.626075462096908223e-21 7.252150924193841725e-20
7.824999999999990408e+00 4.999999999999982236e-02 3.909707939323098728e-21 7.819415878646225142e-20
7.874999999999989342e+00 4.999999999999982236e-02 3.813199226292888453e-21 7.626398452585804591e-20
7.924999999999990052e+00 4.999999999999982236e-02 3.695325989004082009e-21 7.390651978008190500e-20
7.974999999999988987e+00 4.999999999999982236e-02 3.454422560295083840e-21 6.908845120590191754e-20
8.024999999999989697e+00 5.000000000000071054e-02 3.218676085717470952e-21 6.437352171434850423e-20
8.074999999999988631e+00 4.999999999999893419e-02 2.909258837834354038e-21 5.818517675668832057e-20
8.124999999999989342e+00 4.999999999999893419e-02 2.685299686985621795e-21 5.370599373971357942e-20
8.174999999999988276e+00 5.000000000000071054e-02 2.373672315903339759e-21 4.747344631806612111e-20
8.224999999999988987e+00 5.000000000000071054e-02 2.144556210923222235e-21 4.289112421846383682e-20
8.274999999999987921e+00 4.999999999999893419e-02 1.937541337934755918e-21 3.875082675869594289e-20
8.324999999999988631e+00 4.999999999999893419e-02 1.755574527870160970e-21 3.511149055740396571e-20
8.374999999999987566e+00 5.000000000000071054e-02 1.638437998314409567e-21 3.276875996628772791e-20
8.424999999999988276e+00 5.000000000000071054e-02 1.453524357317594458e-21 2.907048714635147389e-20
8.474999999999987210e+00 4.999999999999893419e-02 1.351121982422943861e-21 2.702243964845945198e-20
8.524999999999987921e+00 4.999999999999893419e-02 1.273767670452164632e-21 2.547535340904383431e-20
8.574999999999986855e+00 5.000000000000071054e-02 1.138950155303092262e-21 2.277900310606152024e-20
8.624999999999987566e+00 5.000000000000071054e-02 1.119059046510606175e-21 2.238118093021180451e-20
8.674999999999986500e+00 4.999999999999893419e-02 1.015919963882900536e-21 2.031839927765844406e-20
8.724999999999987210e+00 4.999999999999893419e-02 9.945554396243043685e-22 1.989110879248651168e-20
8.774999999999986144e+00 5.000000000000071054e-02 1.023287041213450939e-21 2.046574082426872688e-20
8.824999999999986855e+00 5.000000000000071054e-02 9.341454055137910661e-22 1.868290811027555651e-20
8.874999999999985789e+00 4.999999999999893419e-02 8.398468156827459111e-22 1.679693631365527633e-20
8.924999999999986500e+00 4.999999999999893419e-02 8.295329074199753473e-22 1.659065814839986204e-20
8.974999999999985434e+00 5.000000000000071054e-02 7.882772743688930920e-22 1.576554548737763916e-20
9.024999999999986144e+00 5.000000000000071054e-02 7.263938247922697091e-22 1.452787649584518654e-20
9.074999999999985079e+00 4.999999999999893419e-02 7.197634551947743467e-22 1.439526910389579388e-20
9.124999999999985789e+00 4.999999999999893419e-02 6.844014840081324136e-22 1.368802968016294017e-20
9.174999999999984723e+00 5.000000000000071054e-02 6.564065901520408832e-22 1.312813180304063109e-20
9.224999999999985434e+00 5.000000000000071054e-02 6.203079112323439098e-22 1.240615822464670215e-20
9.274999999999984368e+00 4.999999999999893419e-02 5.385333528632344395e-22 1.077066705726491900e-20
9.324999999999985079e+00 4.999999999999893419e-02 5.797889859143166948e-22 1.159577971828658066e-20
9.374999999999984013e+00 5.000000000000071054e-02 5.400067683293445201e-22 1.080013536658673693e-20
9.424999999999984723e+00 5.000000000000071054e-02 4.655992872907854525e-22 9.311985745815576642e-21
9.474999999999983658e+00 4.999999999999893419e-02 4.744397800874459358e-22 9.488795601749120336e-21
9.524999999999984368e+00 4.999999999999893419e-02 4.125563305108225528e-22 8.251126610216627099e-21
9.574999999999983302e+00 5.000000000000071054e-02 4.015057145149969487e-22 8.030114290299824623e-21
9.624999999999984013e+00 5.000000000000071054e-02 4.265537774388683180e-22 8.531075548777244485e-21
9.674999999999982947e+00 4.999999999999893419e-02 3.926652217183364655e-22 7.853304434366896324e-21
9.724999999999983658e+00 4.999999999999893419e-02 3.830880211886209419e-22 7.661760423772582843e-21
9.774999999999982592e+00 5.000000000000071054e-02 3.661437433283550156e-22 7.322874866566996493e-21
9.824999999999983302e+00 5.000000000000071054e-02 3.587766659978046129e-22 7.175533319955989943e-21
9.874999999999982236e+00 4.999999999999893419e-02 3.197311561458874785e-22 6.394623122917885738e-21
9.924999999999982947e+00 4.999999999999893419e-02 2.961565086881261897e-22 5.923130173762650184e-21
9.974999999999981881e+00 5.000000000000071054e-02 2.755286921625850621e-22 5.510573843251623001e-21
1.002499999999998259e+01 5.000000000000071054e-02 2.747919844295300218e-22 5.495839688590522195e-21
1.007499999999998153e+01 4.999999999999893419e-02 2.409034287089981692e-22 4.818068574180066452e-21
1.012499999999998224e+01 4.999999999999893419e-02 2.681616148320346593e-22 5.363232296640807539e-21
1.017499999999998117e+01 5.000000000000071054e-02 2.873160158914657064e-22 5.746320317829232126e-21
1.022499999999998188e+01 5.000000000000071054e-02 2.313262281792826457e-22 4.626524563585587462e-21
1.027499999999998082e+01 4.999999999999893419e-02 2.416401364420532095e-22 4.832802728841167258e-21
1.032499999999998153e+01 4.999999999999893419e-02 2.431135519081632901e-22 4.862271038163369621e-21
1.037499999999998046e+01 5.000000000000071054e-02 2.210123199165120819e-22 4.420246398330179195e-21
1.042499999999998117e+01 5.000000000000071054e-02 1.804933945984848669e-22 3.609867891969646180e-21
1.047499999999998010e+01 4.999999999999893419e-02 1.635491167382189406e-22 3.270982334764448401e-21
1.052499999999998082e+01 4.999999999999893419e-02 1.377643460812925310e-22 2.755286921625909301e-21
1.057499999999997975e+01 5.000000000000071054e-02 1.156631140896413229e-22 2.313262281792793731e-21
1.062499999999998046e+01 5.000000000000071054e-02 1.060859135599257993e-22 2.121718271198485893e-21
1.067499999999997939e+01 4.999999999999893419e-02 9.429858983104515494e-23 1.885971796620943348e-21
1.072499999999998010e+01 4.999999999999893419e-02 8.177455836910947030e-23 1.635491167382224201e-21
1.077499999999997904e+01 5.000000000000071054e-02 5.893661864440322183e-23 1.178732372888047698e-21
1.082499999999997975e+01 5.000000000000071054e-02 5.525307997912802047e-23 1.105061599582544799e-21
1.087499999999997868e+01 4.999999999999893419e-02 4.714929491552257747e-23 9.429858983104716738e-22
1.092499999999997939e+01 4.999999999999893419e-02 4.125563305108225528e-23 8.251126610216626911e-22
1.097499999999997833e+01 5.000000000000071054e-02 2.946830932220161092e-23 5.893661864440238488e-22
1.102499999999997904e+01 5.000000000000071054e-02 3.462526345358689283e-23 6.925052690717279824e-22
1.107499999999997797e+01 4.999999999999893419e-02 2.652147838998144983e-23 5.304295677996402813e-22
1.112499999999997868e+01 4.999999999999893419e-02 2.357464745776128873e-23 4.714929491552358369e-22
1.117499999999997762e+01 5.000000000000071054e-02 1.841769332637600682e-23 3.683538665275149173e-22
1.122499999999997833e+01 5.000000000000071054e-02 1.547086239415584573e-23 3.094172478831124948e-22
1.127499999999997726e+01 4.999999999999893419e-02 1.178732372888064437e-23 2.357464745776179185e-22
1.132499999999997797e+01 4.999999999999893419e-02 1.178732372888064437e-23 2.357464745776179185e-22
1.137499999999997691e+01 5.000000000000071054e-02 1.031390826277056382e-23 2.062781652554083377e-22
1.142499999999997762e+01 5.000000000000071054e-02 8.103785063605443002e-24 1.620757012721065561e-22
1.147499999999997655e+01 4.999999999999893419e-02 7.367077330550402729e-24 1.473415466110112049e-22
1.152499999999997726e+01 4.999999999999893419e-02 5.156954131385281911e-24 1.031390826277078364e-22
1.157499999999997620e+01 5.000000000000071054e-02 5.156954131385281911e-24 1.031390826277041688e-22
1.162499999999997691e+01 5.000000000000071054e-02 8.840492796660483275e-24 1.768098559332071499e-22
1.167499999999997584e+01 4.999999999999893419e-02 5.893661864440322183e-24 1.178732372888089592e-22
1.172499999999997655e+01 4.999999999999893419e-02 3.683538665275201365e-24 7.367077330550560246e-23
1.177499999999997549e+01 5.000000000000071054e-02 7.367077330550402729e-25 1.473415466110059681e-23
1.182499999999997620e+01 5.000000000000071054e-02 2.210123199165120819e-24 4.420246398330178749e-23
1.187499999999997513e+01 4.999999999999893419e-02 7.367077330550402729e-25 1.473415466110111990e-23
1.192499999999997584e+01 4.999999999999893419e-02 2.210123199165120819e-24 4.420246398330335677e-23
1.197499999999997478e+01 5.000000000000071054e-02 7.367077330550402729e-25 1.473415466110059681e-23
1.202499999999997549e+01 5.000000000000071054e-02 7.367077330550402729e-25 1.473415466110059681e-23
1.207499999999997442e+01 4.999999999999893419e-02 1.473415466110080546e-24 2.946830932220223981e-23
1.212499999999997513e+01 4.999999999999893419e-02 0.000000000000000000e+00 0.000000000000000000e+00
1.217499999999997407e+01 5.000000000000071054e-02 7.367077330550402729e-25 1.473415466110059681e-23
1.222499999999997478e+01 5.000000000000071054e-02 7.367077330550402729e-25 1.473415466110059681e-23
1.227499999999997371e+01 4.999999999999893419e-02 0.000000000000000000e+00 0.000000000000000000e+00
1.232499999999997442e+01 4.999999999999893419e-02 7.367077330550402729e-25 1.473415466110111990e-23
1.237499999999997335e+01 5.000000000000071054e-02 0.000000000000000000e+00 0.000000000000000000e+00
1.242499999999997407e+01 5.000000000000071054e-02 0.000000000000000000e+00 0.000000000000000000e+00
1.247499999999997300e+01 4.999999999999893419e-02 0.000000000000000000e+00 0.000000000000000000e+00
1.252499999999997371e+01 4.999999999999893419e-02 0.000000000000000000e+00 0.000000000000000000e+00
1.257499999999997264e+01 5.000000000000071054e-02 0.000000000000000000e+00 0.000000000000000000e+00
1.262499999999997335e+01 5.000000000000071054e-02 0.000000000000000000e+00 0.000000000000000000e+00
1.267499999999997229e+01 4.999999999999893419e-02 0.000000000000000000e+00 0.000000000000000000e+00
1.272499999999997300e+01 4.999999999999893419e-02 0.000000000000000000e+00 0.000000000000000000e+00
1.277499999999997193e+01 5.000000000000071054e-02 0.000000000000000000e+00 0.000000000000000000e+00
1.282499999999997264e+01 5.000000000000071054e-02 0.000000000000000000e+00 0.000000000000000000e+00
1.287499999999997158e+01 4.999999999999893419e-02 0.000000000000000000e+00 0.000000000000000000e+00
1.292499999999997229e+01 4.999999999999893419e-02 0.000000000000000000e+00 0.000000000000000000e+00
1.297499999999997122e+01 5.000000000000071054e-02 0.000000000000000000e+00 0.000000000000000000e+00
1.302499999999997193e+01 5.000000000000071054e-02 0.000000000000000000e+00 0.000000000000000000e+00
1.307499999999997087e+01 4.999999999999893419e-02 0.000000000000000000e+00 0.000000000000000000e+00
1.312499999999997158e+01 4.999999999999893419e-02 0.000000000000000000e+00 0.000000000000000000e+00
1.317499999999997051e+01 5.000000000000071054e-02 0.000000000000000000e+00 0.000000000000000000e+00
1.322499999999997122e+01 5.000000000000071054e-02 0.000000000000000000e+00 0.000000000000000000e+00
1.327499999999997016e+01 4.999999999999893419e-02 0.000000000000000000e+00 0.000000000000000000e+00
1.332499999999997087e+01 4.999999999999893419e-02 0.000000000000000000e+00 0.000000000000000000e+00
1.337499999999996980e+01 5.000000000000071054e-02 0.000000000000000000e+00 0.000000000000000000e+00
1.342499999999997051e+01 5.000000000000071054e-02 0.000000000000000000e+00 0.000000000000000000e+00
1.347499999999996945e+01 4.999999999999893419e-02 0.000000000000000000e+00 0.000000000000000000e+00
1.352499999999997016e+01 4.999999999999893419e-02 0.000000000000000000e+00 0.000000000000000000e+00
1.357499999999996909e+01 5.000000000000071054e-02 0.000000000000000000e+00 0.000000000000000000e+00
1.362499999999996980e+01 5.000000000000071054e-02 0.000000000000000000e+00 0.000000000000000000e+00
1.367499999999996874e+01 4.999999999999893419e-02 0.000000000000000000e+00 0.000000000000000000e+00
1.372499999999996945e+01 4.999999999999893419e-02 0.000000000000000000e+00 0.000000000000000000e+00
1.377499999999996838e+01 5.000000000000071054e-02 0.000000000000000000e+00 0.000000000000000000e+00
1.382499999999996909e+01 5.000000000000071054e-02 0.000000000000000000e+00 0.000000000000000000e+00
1.387499999999996803e+01 4.999999999999893419e-02 0.000000000000000000e+00 0.000000000000000000e+00
1.392499999999996874e+01 4.999999999999893419e-02 0.000000000000000000e+00 0.000000000000000000e+00
1.397499999999996767e+01 5.000000000000071054e-02 0.000000000000000000e+00 0.000000000000000000e+00
1.402499999999996838e+01 5.000000000000071054e-02 0.000000000000000000e+00 0.000000000000000000e+00
1.407499999999996732e+01 4.999999999999893419e-02 0.000000000000000000e+00 0.000000000000000000e+00
1.412499999999996803e+01 4.999999999999893419e-02 0.000000000000000000e+00 0.000000000000000000e+00
1.417499999999996696e+01 5.000000000000071054e-02 0.000000000000000000e+00 0.000000000000000000e+00
1.422499999999996767e+01 5.000000000000071054e-02 0.000000000000000000e+00 0.000000000000000000e+00
1.427499999999996660e+01 4.999999999999893419e-02 0.000000000000000000e+00 0.000000000000000000e+00
1.432499999999996732e+01 4.999999999999893419e-02 0.000000000000000000e+00 0.000000000000000000e+00
1.437499999999996625e+01 5.000000000000071054e-02 0.000000000000000000e+00 0.000000000000000000e+00
1.442499999999996696e+01 5.000000000000071054e-02 0.000000000000000000e+00 0.000000000000000000e+00
1.447499999999996589e+01 4.999999999999893419e-02 0.000000000000000000e+00 0.000000000000000000e+00
1.452499999999996660e+01 4.999999999999893419e-02 0.000000000000000000e+00 0.000000000000000000e+00
1.457499999999996554e+01 5.000000000000071054e-02 0.000000000000000000e+00 0.000000000000000000e+00
1.462499999999996625e+01 5.000000000000071054e-02 0.000000000000000000e+00 0.000000000000000000e+00
1.467499999999996518e+01 4.999999999999893419e-02 0.000000000000000000e+00 0.000000000000000000e+00
1.472499999999996589e+01 4.999999999999893419e-02 0.000000000000000000e+00 0.000000000000000000e+00
1.477499999999996483e+01 5.000000000000071054e-02 0.000000000000000000e+00 0.000000000000000000e+00
1.482499999999996554e+01 5.000000000000071054e-02 0.000000000000000000e+00 0.000000000000000000e+00
1.487499999999996447e+01 4.999999999999893419e-02 0.000000000000000000e+00 0.000000000000000000e+00
1.492499999999996518e+01 4.999999999999893419e-02 0.000000000000000000e+00 0.000000000000000000e+00
1.497499999999996412e+01 5.000000000000071054e-02 0.000000000000000000e+00 0.000000000000000000e+00
1.502499999999996483e+01 5.000000000000071054e-02 0.000000000000000000e+00 0.000000000000000000e+00
1.507499999999996376e+01 4.999999999999893419e-02 0.000000000000000000e+00 0.000000000000000000e+00
1.512499999999996447e+01 4.999999999999893419e-02 0.000000000000000000e+00 0.000000000000000000e+00
1.517499999999996341e+01 5.000000000000071054e-02 0.000000000000000000e+00 0.000000000000000000e+00
1.522499999999996412e+01 5.000000000000071054e-02 0.000000000000000000e+00 0.000000000000000000e+00
1.527499999999996305e+01 4.999999999999893419e-02 0.000000000000000000e+00 0.000000000000000000e+00
1.532499999999996376e+01 4.999999999999893419e-02 0.000000000000000000e+00 0.000000000000000000e+00
1.537499999999996270e+01 5.000000000000071054e-02 0.000000000000000000e+00 0.000000000000000000e+00
1.542499999999996341e+01 5.000000000000071054e-02 0.000000000000000000e+00 0.000000000000000000e+00
1.547499999999996234e+01 4.999999999999893419e-02 0.000000000000000000e+00 0.000000000000000000e+00
1.552499999999996305e+01 4.999999999999893419e-02 0.000000000000000000e+00 0.000000000000000000e+00
1.557499999999996199e+01 5.000000000000071054e-02 0.000000000000000000e+00 0.000000000000000000e+00
1.562499999999996270e+01 5.000000000000071054e-02 0.000000000000000000e+00 0.000000000000000000e+00
1.567499999999996163e+01 4.999999999999893419e-02 0.000000000000000000e+00 0.000000000000000000e+00
1.572499999999996234e+01 4.999999999999893419e-02 0.000000000000000000e+00 0.000000000000000000e+00
1.577499999999996128e+01 5.000000000000071054e-02 0.000000000000000000e+00 0.000000000000000000e+00
1.582499999999996199e+01 5.000000000000071054e-02 0.000000000000000000e+00 0.000000000000000000e+00
1.587499999999996092e+01 4.999999999999893419e-02 0.000000000000000000e+00 0.000000000000000000e+00
1.592499999999996163e+01 4.999999999999893419e-02 0.000000000000000000e+00 0.000000000000000000e+00
