# [0] log10 Mass / Msun, [1] Bin width log10 Mass / Msun, [2] dN/dV (pc^-3), [3] dN/dVlogM (pc^-3 log10 Mass/Msun)
5.025000000000000355e+00 4.999999999999982236e-02 0.000000000000000000e+00 0.000000000000000000e+00
5.074999999999999289e+00 4.999999999999982236e-02 0.000000000000000000e+00 0.000000000000000000e+00
5.125000000000000000e+00 4.999999999999982236e-02 0.000000000000000000e+00 0.000000000000000000e+00
5.174999999999998934e+00 4.999999999999982236e-02 0.000000000000000000e+00 0.000000000000000000e+00
5.224999999999999645e+00 4.999999999999982236e-02 0.000000000000000000e+00 0.000000000000000000e+00
5.274999999999998579e+00 4.999999999999982236e-02 0.000000000000000000e+00 0.000000000000000000e+00
5.324999999999999289e+00 4.999999999999982236e-02 0.000000000000000000e+00 0.000000000000000000e+00
5.374999999999998224e+00 4.999999999999982236e-02 0.000000000000000000e+00 0.000000000000000000e+00
5.424999999999998934e+00 4.999999999999982236e-02 0.000000000000000000e+00 0.000000000000000000e+00
5.474999999999997868e+00 4.999999999999982236e-02 0.000000000000000000e+00 0.000000000000000000e+00
5.524999999999998579e+00 4.999999999999982236e-02 0.000000000000000000e+00 0.000000000000000000e+00
5.574999999999997513e+00 4.999999999999982236e-02 0.000000000000000000e+00 0.000000000000000000e+00
5.624999999999998224e+00 4.999999999999982236e-02 0.000000000000000000e+00 0.000000000000000000e+00
5.674999999999997158e+00 4.999999999999982236e-02 0.000000000000000000e+00 0.000000000000000000e+00
5.724999999999997868e+00 4.999999999999982236e-02 0.000000000000000000e+00 0.000000000000000000e+00
5.774999999999996803e+00 4.999999999999982236e-02 0.000000000000000000e+00 0.000000000000000000e+00
5.824999999999997513e+00 4.999999999999982236e-02 0.000000000000000000e+00 0.000000000000000000e+00
5.874999999999996447e+00 4.999999999999982236e-02 0.000000000000000000e+00 0.000000000000000000e+00
5.924999999999997158e+00 4.999999999999982236e-02 0.000000000000000000e+00 0.000000000000000000e+00
5.974999999999996092e+00 4.999999999999982236e-02 0.000000000000000000e+00 0.000000000000000000e+00
6.024999999999996803e+00 4.999999999999982236e-02 0.000000000000000000e+00 0.000000000000000000e+00
6.074999999999995737e+00 4.999999999999982236e-02 0.000000000000000000e+00 0.000000000000000000e+00
6.124999999999996447e+00 4.999999999999982236e-02 0.000000000000000000e+00 0.000000000000000000e+00
6.174999999999995381e+00 4.999999999999982236e-02 0.000000000000000000e+00 0.000000000000000000e+00
6.224999999999996092e+00 4.999999999999982236e-02 0.000000000000000000e+00 0.000000000000000000e+00
6.274999999999995026e+00 4.999999999999982236e-02 0.000000000000000000e+00 0.000000000000000000e+00
6.324999999999995737e+00 4.999999999999982236e-02 0.000000000000000000e+00 0.000000000000000000e+00
6.374999999999994671e+00 4.999999999999982236e-02 0.000000000000000000e+00 0.000000000000000000e+00
6.424999999999995381e+00 4.999999999999982236e-02 0.000000000000000000e+00 0.000000000000000000e+00
6.474999999999994316e+00 4.999999999999982236e-02 0.000000000000000000e+00 0.000000000000000000e+00
6.524999999999995026e+00 4.999999999999982236e-02 0.000000000000000000e+00 0.000000000000000000e+00
6.574999999999993960e+00 4.999999999999982236e-02 0.000000000000000000e+00 0.000000000000000000e+00
6.624999999999994671e+00 4.999999999999982236e-02 0.000000000000000000e+00 0.000000000000000000e+00
6.674999999999993605e+00 4.999999999999982236e-02 0.000000000000000000e+00 0.000000000000000000e+00
6.724999999999994316e+00 4.999999999999982236e-02 0.000000000000000000e+00 0.000000000000000000e+00
6.774999999999993250e+00 4.999999999999982236e-02 0.000000000000000000e+00 0.000000000000000000e+00
6.824999999999993960e+00 4.999999999999982236e-02 0.000000000000000000e+00 0.000000000000000000e+00
6.874999999999992895e+00 4.999999999999982236e-02 0.000000000000000000e+00 0.000000000000000000e+00
6.924999999999993605e+00 4.999999999999982236e-02 0.000000000000000000e+00 0.000000000000000000e+00
6.974999999999992539e+00 4.999999999999982236e-02 0.000000000000000000e+00 0.000000000000000000e+00
7.024999999999993250e+00 4.999999999999982236e-02 0.000000000000000000e+00 0.000000000000000000e+00
7.074999999999992184e+00 4.999999999999982236e-02 0.000000000000000000e+00 0.000000000000000000e+00
7.124999999999992895e+00 4.999999999999982236e-02 0.000000000000000000e+00 0.000000000000000000e+00
7.174999999999991829e+00 4.999999999999982236e-02 0.000000000000000000e+00 0.000000000000000000e+00
7.224999999999992539e+00 4.999999999999982236e-02 0.000000000000000000e+00 0.000000000000000000e+00
7.274999999999991473e+00 4.999999999999982236e-02 0.000000000000000000e+00 0.000000000000000000e+00
7.324999999999992184e+00 4.999999999999982236e-02 0.000000000000000000e+00 0.000000000000000000e+00
7.374999999999991118e+00 4.999999999999982236e-02 0.000000000000000000e+00 0.000000000000000000e+00
7.424999999999991829e+00 4.999999999999982236e-02 0.000000000000000000e+00 0.000000000000000000e+00
7.474999999999990763e+00 4.999999999999982236e-02 0.000000000000000000e+00 0.000000000000000000e+00
7.524999999999991473e+00 4.999999999999982236e-02 0.000000000000000000e+00 0.000000000000000000e+00
7.574999999999990408e+00 4.999999999999982236e-02 0.000000000000000000e+00 0.000000000000000000e+00
7.624999999999991118e+00 4.999999999999982236e-02 0.000000000000000000e+00 0.000000000000000000e+00
7.674999999999990052e+00 4.999999999999982236e-02 0.000000000000000000e+00 0.000000000000000000e+00
7.724999999999990763e+00 4.999999999999982236e-02 0.000000000000000000e+00 0.000000000000000000e+00
7.774999999999989697e+00 4.999999999999982236e-02 7.468688137169205597e-24 1.493737627433846527e-22
7.824999999999990408e+00 4.999999999999982236e-02 0.000000000000000000e+00 0.000000000000000000e+00
7.874999999999989342e+00 4.999999999999982236e-02 0.000000000000000000e+00 0.000000000000000000e+00
7.924999999999990052e+00 4.999999999999982236e-02 0.000000000000000000e+00 0.000000000000000000e+00
7.974999999999988987e+00 4.999999999999982236e-02 0.000000000000000000e+00 0.000000000000000000e+00
8.024999999999989697e+00 5.000000000000071054e-02 0.000000000000000000e+00 0.000000000000000000e+00
8.074999999999988631e+00 4.999999999999893419e-02 1.086025360420400607e-23 2.172050720840847294e-22
8.124999999999989342e+00 4.999999999999893419e-02 0.000000000000000000e+00 0.000000000000000000e+00
8.174999999999988276e+00 5.000000000000071054e-02 0.000000000000000000e+00 0.000000000000000000e+00
8.224999999999988987e+00 5.000000000000071054e-02 1.367453933826802754e-23 2.734907867653566481e-22
8.274999999999987921e+00 4.999999999999893419e-02 0.000000000000000000e+00 0.000000000000000000e+00
8.324999999999988631e+00 4.999999999999893419e-02 0.000000000000000000e+00 0.000000000000000000e+00
8.374999999999987566e+00 5.000000000000071054e-02 1.482915560219476147e-23 2.965831120438909976e-22
8.424999999999988276e+00 5.000000000000071054e-02 0.000000000000000000e+00 0.000000000000000000e+00
8.474999999999987210e+00 4.999999999999893419e-02 1.749915315466752333e-23 3.499830630933579427e-22
8.524999999999987921e+00 4.999999999999893419e-02 1.818470168029717054e-23 3.636940336059511692e-22
8.574999999999986855e+00 5.000000000000071054e-02 0.000000000000000000e+00 0.000000000000000000e+00
8.624999999999987566e+00 5.000000000000071054e-02 2.182885409829649723e-23 4.365770819659237380e-22
8.674999999999986500e+00 4.999999999999893419e-02 2.352458950015958421e-23 4.704917900032017464e-22
8.724999999999987210e+00 4.999999999999893419e-02 2.522018606250335229e-23 5.044037212500777663e-22
8.774999999999986144e+00 5.000000000000071054e-02 2.644687108100926741e-23 5.289374216201778251e-22
8.824999999999986855e+00 5.000000000000071054e-02 6.191361561763903442e-23 1.238272312352763009e-21
8.874999999999985789e+00 4.999999999999893419e-02 3.348236177410269092e-23 6.696472354820681125e-22
8.924999999999986500e+00 4.999999999999893419e-02 7.039231787050343637e-23 1.407846357410098820e-21
8.974999999999985434e+00 5.000000000000071054e-02 7.901518603151878868e-23 1.580303720630353392e-21
9.024999999999986144e+00 5.000000000000071054e-02 9.333862815092532655e-23 1.866772563018479824e-21
9.074999999999985079e+00 4.999999999999893419e-02 9.344904343410730113e-23 1.868980868682185895e-21
9.124999999999985789e+00 4.999999999999893419e-02 1.583255701246585217e-22 3.166511402493237767e-21
9.174999999999984723e+00 5.000000000000071054e-02 1.178786394082853972e-22 2.357572788165674465e-21
9.224999999999985434e+00 5.000000000000071054e-02 2.635067044025065129e-22 5.270134088050055026e-21
9.274999999999984368e+00 4.999999999999893419e-02 2.211010762346803084e-22 4.422021524693700207e-21
9.324999999999985079e+00 4.999999999999893419e-02 4.178319293223530749e-22 8.356638586447239045e-21
9.374999999999984013e+00 5.000000000000071054e-02 3.790139143337271967e-22 7.580278286674435601e-21
9.424999999999984723e+00 5.000000000000071054e-02 5.389483568082531094e-22 1.077896713616490872e-20
9.474999999999983658e+00 4.999999999999893419e-02 7.139309836930302079e-22 1.427861967386090809e-20
9.524999999999984368e+00 4.999999999999893419e-02 9.326946082675554824e-22 1.865389216535150687e-20
9.574999999999983302e+00 5.000000000000071054e-02 1.049596473792108981e-21 2.099192947584188170e-20
9.624999999999984013e+00 5.000000000000071054e-02 1.314919502029894286e-21 2.629839004059751256e-20
9.674999999999982947e+00 4.999999999999893419e-02 1.755344710600364743e-21 3.510689421200804117e-20
9.724999999999983658e+00 4.999999999999893419e-02 1.808364645263669673e-21 3.616729290527416383e-20
9.774999999999982592e+00 5.000000000000071054e-02 2.156396849027521336e-21 4.312793698054981282e-20
9.824999999999983302e+00 5.000000000000071054e-02 2.203914497809571433e-21 4.407828995619080274e-20
9.874999999999982236e+00 4.999999999999893419e-02 2.268898259096134777e-21 4.537796518192366453e-20
9.924999999999982947e+00 4.999999999999893419e-02 2.043300902893635405e-21 4.086601805787358080e-20
9.974999999999981881e+00 5.000000000000071054e-02 1.916268902142791630e-21 3.832537804285529093e-20
1.002499999999998259e+01 5.000000000000071054e-02 1.511116807466599010e-21 3.022233614933155289e-20
1.007499999999998153e+01 4.999999999999893419e-02 1.312079703745294511e-21 2.624159407490644995e-20
1.012499999999998224e+01 4.999999999999893419e-02 9.884420579096546483e-22 1.976884115819351426e-20
1.017499999999998117e+01 5.000000000000071054e-02 7.554372346982575578e-22 1.510874469396493750e-20
1.022499999999998188e+01 5.000000000000071054e-02 6.092346770166438089e-22 1.218469354033270314e-20
1.027499999999998082e+01 4.999999999999893419e-02 4.774851618348335474e-22 9.549703236696874074e-21
1.032499999999998153e+01 4.999999999999893419e-02 3.867909468995028549e-22 7.735818937990222607e-21
1.037499999999998046e+01 5.000000000000071054e-02 3.163723504945246962e-22 6.327447009890403645e-21
1.042499999999998117e+01 5.000000000000071054e-02 2.582095980872560451e-22 5.164191961745047176e-21
1.047499999999998010e+01 4.999999999999893419e-02 2.116871509796838090e-22 4.233743019593766457e-21
1.052499999999998082e+01 4.999999999999893419e-02 1.740924383740022582e-22 3.481848767480119643e-21
1.057499999999997975e+01 5.000000000000071054e-02 1.389534182118375083e-22 2.779068364236710670e-21
1.062499999999998046e+01 5.000000000000071054e-02 1.179863283881789279e-22 2.359726567763545080e-21
1.067499999999997939e+01 4.999999999999893419e-02 9.496744290447670466e-23 1.899348858089574718e-21
1.072499999999998010e+01 4.999999999999893419e-02 7.829781485697252585e-23 1.565956297139483807e-21
1.077499999999997904e+01 5.000000000000071054e-02 6.864629731909794122e-23 1.372925946381939264e-21
1.082499999999997975e+01 5.000000000000071054e-02 5.610287881155554500e-23 1.122057576231094913e-21
1.087499999999997868e+01 4.999999999999893419e-02 5.042893679732462079e-23 1.008578735946513857e-21
1.092499999999997939e+01 4.999999999999893419e-02 4.370486314606348567e-23 8.740972629212883331e-22
1.097499999999997833e+01 5.000000000000071054e-02 3.878701591049431332e-23 7.757403182098752637e-22
1.102499999999997904e+01 5.000000000000071054e-02 3.123253047241236526e-23 6.246506094482384654e-22
1.107499999999997797e+01 4.999999999999893419e-02 2.815968374374857885e-23 5.631936748749836141e-22
1.112499999999997868e+01 4.999999999999893419e-02 2.309966484039685487e-23 4.619932968079469716e-22
1.117499999999997762e+01 5.000000000000071054e-02 2.183304452742503125e-23 4.366608905484944183e-22
1.122499999999997833e+01 5.000000000000071054e-02 1.803964593704513089e-23 3.607929187408974927e-22
1.127499999999997726e+01 4.999999999999893419e-02 1.612355959624846913e-23 3.224711919249762475e-22
1.132499999999997797e+01 4.999999999999893419e-02 1.460490769038939488e-23 2.920981538077941043e-22
1.137499999999997691e+01 5.000000000000071054e-02 1.218152698955044662e-23 2.436305397910054529e-22
1.142499999999997762e+01 5.000000000000071054e-02 1.131234111151621051e-23 2.262468222303210128e-22
1.147499999999997655e+01 4.999999999999893419e-02 1.001340905586653424e-23 2.002681811173349635e-22
1.152499999999997726e+01 4.999999999999893419e-02 9.690291629088007801e-24 1.938058325817642938e-22
1.157499999999997620e+01 5.000000000000071054e-02 6.866245319043686754e-24 1.373249063808717838e-22
1.162499999999997691e+01 5.000000000000071054e-02 6.976105244148385742e-24 1.395221048829657400e-22
1.167499999999997584e+01 4.999999999999893419e-02 6.255553382432271791e-24 1.251110676486480924e-22
1.172499999999997655e+01 4.999999999999893419e-02 5.783801939335623195e-24 1.156760387867149324e-22
1.177499999999997549e+01 5.000000000000071054e-02 5.060018903351723980e-24 1.012003780670330455e-22
1.182499999999997620e+01 5.000000000000071054e-02 4.446095792472523752e-24 8.892191584944921727e-23
1.187499999999997513e+01 4.999999999999893419e-02 3.108389645609424309e-24 6.216779291218981450e-23
1.192499999999997584e+01 4.999999999999893419e-02 4.048661357534936237e-24 8.097322715070045271e-23
1.197499999999997478e+01 5.000000000000071054e-02 3.182706653768485390e-24 6.365413307536880266e-23
1.202499999999997549e+01 5.000000000000071054e-02 2.710955210671836794e-24 5.421910421343596005e-23
1.207499999999997442e+01 4.999999999999893419e-02 2.636638202512775714e-24 5.273276405025663687e-23
1.212499999999997513e+01 4.999999999999893419e-02 2.061489182846998658e-24 4.122978365694085479e-23
1.217499999999997407e+01 5.000000000000071054e-02 2.604326459834923070e-24 5.208652919669772084e-23
1.222499999999997478e+01 5.000000000000071054e-02 1.515420731591288982e-24 3.030841463182535059e-23
1.227499999999997371e+01 4.999999999999893419e-02 1.412023155022160523e-24 2.824046310044380996e-23
1.232499999999997442e+01 4.999999999999893419e-02 1.408791980754375259e-24 2.817583961508810468e-23
1.237499999999997335e+01 5.000000000000071054e-02 1.050131637030210915e-24 2.100263274060391856e-23
1.242499999999997407e+01 5.000000000000071054e-02 1.192303304812762547e-24 2.384606609625491299e-23
1.247499999999997300e+01 4.999999999999893419e-02 1.227846221758400455e-24 2.455692443516853219e-23
1.252499999999997371e+01 4.999999999999893419e-02 6.494660278248381353e-25 1.298932055649703895e-23
1.257499999999997264e+01 5.000000000000071054e-02 8.691858780342361115e-25 1.738371756068447538e-23
1.262499999999997335e+01 5.000000000000071054e-02 8.304117868208129392e-25 1.660823573641602369e-23
1.267499999999997229e+01 4.999999999999893419e-02 5.428372769879244116e-25 1.085674553975872039e-23
1.272499999999997300e+01 4.999999999999893419e-02 6.882401190382613076e-25 1.376480238076552003e-23
1.277499999999997193e+01 5.000000000000071054e-02 3.618915179919496078e-25 7.237830359838889299e-24
1.282499999999997264e+01 5.000000000000071054e-02 2.520315928872506197e-25 5.040631857744941129e-24
1.287499999999997158e+01 4.999999999999893419e-02 3.263486010463116999e-25 6.526972020926372852e-24
1.292499999999997229e+01 4.999999999999893419e-02 2.875745098328885276e-25 5.751490196657893244e-24
1.297499999999997122e+01 5.000000000000071054e-02 1.809457589959748039e-25 3.618915179919444650e-24
1.302499999999997193e+01 5.000000000000071054e-02 1.809457589959748039e-25 3.618915179919444650e-24
1.307499999999997087e+01 4.999999999999893419e-02 1.809457589959748039e-25 3.618915179919573219e-24
1.312499999999997158e+01 4.999999999999893419e-02 1.454028420503368960e-25 2.908056841006800000e-24
1.317499999999997051e+01 5.000000000000071054e-02 7.108583389127581581e-26 1.421716677825496112e-24
1.322499999999997122e+01 5.000000000000071054e-02 1.809457589959748039e-25 3.618915179919444650e-24
1.327499999999997016e+01 4.999999999999893419e-02 3.554291694563790790e-26 7.108583389127733109e-25
1.332499999999997087e+01 4.999999999999893419e-02 7.108583389127581581e-26 1.421716677825546622e-24
1.337499999999996980e+01 5.000000000000071054e-02 1.454028420503368960e-25 2.908056841006696777e-24
1.342499999999997051e+01 5.000000000000071054e-02 3.554291694563790790e-26 7.108583389127480562e-25
1.347499999999996945e+01 4.999999999999893419e-02 7.431700815906108016e-26 1.486340163181253378e-24
1.352499999999997016e+01 4.999999999999893419e-02 0.000000000000000000e+00 0.000000000000000000e+00
1.357499999999996909e+01 5.000000000000071054e-02 7.108583389127581581e-26 1.421716677825496112e-24
1.362499999999996980e+01 5.000000000000071054e-02 0.000000000000000000e+00 0.000000000000000000e+00
1.367499999999996874e+01 4.999999999999893419e-02 0.000000000000000000e+00 0.000000000000000000e+00
1.372499999999996945e+01 4.999999999999893419e-02 0.000000000000000000e+00 0.000000000000000000e+00
1.377499999999996838e+01 5.000000000000071054e-02 0.000000000000000000e+00 0.000000000000000000e+00
1.382499999999996909e+01 5.000000000000071054e-02 0.000000000000000000e+00 0.000000000000000000e+00
1.387499999999996803e+01 4.999999999999893419e-02 7.431700815906108016e-26 1.486340163181253378e-24
1.392499999999996874e+01 4.999999999999893419e-02 0.000000000000000000e+00 0.000000000000000000e+00
1.397499999999996767e+01 5.000000000000071054e-02 0.000000000000000000e+00 0.000000000000000000e+00
1.402499999999996838e+01 5.000000000000071054e-02 0.000000000000000000e+00 0.000000000000000000e+00
1.407499999999996732e+01 4.999999999999893419e-02 0.000000000000000000e+00 0.000000000000000000e+00
1.412499999999996803e+01 4.999999999999893419e-02 0.000000000000000000e+00 0.000000000000000000e+00
1.417499999999996696e+01 5.000000000000071054e-02 0.000000000000000000e+00 0.000000000000000000e+00
1.422499999999996767e+01 5.000000000000071054e-02 0.000000000000000000e+00 0.000000000000000000e+00
1.427499999999996660e+01 4.999999999999893419e-02 0.000000000000000000e+00 0.000000000000000000e+00
1.432499999999996732e+01 4.999999999999893419e-02 0.000000000000000000e+00 0.000000000000000000e+00
1.437499999999996625e+01 5.000000000000071054e-02 0.000000000000000000e+00 0.000000000000000000e+00
1.442499999999996696e+01 5.000000000000071054e-02 0.000000000000000000e+00 0.000000000000000000e+00
1.447499999999996589e+01 4.999999999999893419e-02 0.000000000000000000e+00 0.000000000000000000e+00
1.452499999999996660e+01 4.999999999999893419e-02 0.000000000000000000e+00 0.000000000000000000e+00
1.457499999999996554e+01 5.000000000000071054e-02 0.000000000000000000e+00 0.000000000000000000e+00
1.462499999999996625e+01 5.000000000000071054e-02 0.000000000000000000e+00 0.000000000000000000e+00
1.467499999999996518e+01 4.999999999999893419e-02 0.000000000000000000e+00 0.000000000000000000e+00
1.472499999999996589e+01 4.999999999999893419e-02 0.000000000000000000e+00 0.000000000000000000e+00
1.477499999999996483e+01 5.000000000000071054e-02 0.000000000000000000e+00 0.000000000000000000e+00
1.482499999999996554e+01 5.000000000000071054e-02 0.000000000000000000e+00 0.000000000000000000e+00
1.487499999999996447e+01 4.999999999999893419e-02 0.000000000000000000e+00 0.000000000000000000e+00
1.492499999999996518e+01 4.999999999999893419e-02 0.000000000000000000e+00 0.000000000000000000e+00
1.497499999999996412e+01 5.000000000000071054e-02 0.000000000000000000e+00 0.000000000000000000e+00
1.502499999999996483e+01 5.000000000000071054e-02 0.000000000000000000e+00 0.000000000000000000e+00
1.507499999999996376e+01 4.999999999999893419e-02 0.000000000000000000e+00 0.000000000000000000e+00
1.512499999999996447e+01 4.999999999999893419e-02 0.000000000000000000e+00 0.000000000000000000e+00
1.517499999999996341e+01 5.000000000000071054e-02 0.000000000000000000e+00 0.000000000000000000e+00
1.522499999999996412e+01 5.000000000000071054e-02 0.000000000000000000e+00 0.000000000000000000e+00
1.527499999999996305e+01 4.999999999999893419e-02 0.000000000000000000e+00 0.000000000000000000e+00
1.532499999999996376e+01 4.999999999999893419e-02 0.000000000000000000e+00 0.000000000000000000e+00
1.537499999999996270e+01 5.000000000000071054e-02 0.000000000000000000e+00 0.000000000000000000e+00
1.542499999999996341e+01 5.000000000000071054e-02 0.000000000000000000e+00 0.000000000000000000e+00
1.547499999999996234e+01 4.999999999999893419e-02 0.000000000000000000e+00 0.000000000000000000e+00
1.552499999999996305e+01 4.999999999999893419e-02 0.000000000000000000e+00 0.000000000000000000e+00
1.557499999999996199e+01 5.000000000000071054e-02 0.000000000000000000e+00 0.000000000000000000e+00
1.562499999999996270e+01 5.000000000000071054e-02 0.000000000000000000e+00 0.000000000000000000e+00
1.567499999999996163e+01 4.999999999999893419e-02 0.000000000000000000e+00 0.000000000000000000e+00
1.572499999999996234e+01 4.999999999999893419e-02 0.000000000000000000e+00 0.000000000000000000e+00
1.577499999999996128e+01 5.000000000000071054e-02 0.000000000000000000e+00 0.000000000000000000e+00
1.582499999999996199e+01 5.000000000000071054e-02 0.000000000000000000e+00 0.000000000000000000e+00
1.587499999999996092e+01 4.999999999999893419e-02 0.000000000000000000e+00 0.000000000000000000e+00
1.592499999999996163e+01 4.999999999999893419e-02 0.000000000000000000e+00 0.000000000000000000e+00
