# [0] log10 g m/s^2, [1] Bin width log10 g m/s^2, [2] dN/dV (pc^-3), [3] dN/dVlogho (pc^-3 log10 m/s^2)
-1.397499999999999964e+01 5.000000000000071054e-02 0.000000000000000000e+00 0.000000000000000000e+00
-1.392499999999999893e+01 5.000000000000071054e-02 0.000000000000000000e+00 0.000000000000000000e+00
-1.387499999999999822e+01 5.000000000000071054e-02 0.000000000000000000e+00 0.000000000000000000e+00
-1.382499999999999751e+01 5.000000000000071054e-02 0.000000000000000000e+00 0.000000000000000000e+00
-1.377499999999999680e+01 5.000000000000071054e-02 0.000000000000000000e+00 0.000000000000000000e+00
-1.372499999999999609e+01 5.000000000000071054e-02 0.000000000000000000e+00 0.000000000000000000e+00
-1.367499999999999538e+01 5.000000000000071054e-02 0.000000000000000000e+00 0.000000000000000000e+00
-1.362499999999999467e+01 5.000000000000071054e-02 0.000000000000000000e+00 0.000000000000000000e+00
-1.357499999999999396e+01 5.000000000000071054e-02 0.000000000000000000e+00 0.000000000000000000e+00
-1.352499999999999325e+01 5.000000000000071054e-02 0.000000000000000000e+00 0.000000000000000000e+00
-1.347499999999999254e+01 5.000000000000071054e-02 0.000000000000000000e+00 0.000000000000000000e+00
-1.342499999999999183e+01 5.000000000000071054e-02 0.000000000000000000e+00 0.000000000000000000e+00
-1.337499999999999112e+01 5.000000000000071054e-02 0.000000000000000000e+00 0.000000000000000000e+00
-1.332499999999999041e+01 5.000000000000071054e-02 7.368036782626377785e-25 1.473607356525254692e-23
-1.327499999999998970e+01 5.000000000000071054e-02 0.000000000000000000e+00 0.000000000000000000e+00
-1.322499999999998899e+01 5.000000000000071054e-02 7.368036782626377785e-25 1.473607356525254692e-23
-1.317499999999998828e+01 5.000000000000071054e-02 0.000000000000000000e+00 0.000000000000000000e+00
-1.312499999999998757e+01 5.000000000000071054e-02 7.368037768702509311e-25 1.473607553740480997e-23
-1.307499999999998685e+01 5.000000000000071054e-02 7.368035796550246259e-25 1.473607159310028387e-23
-1.302499999999998614e+01 5.000000000000071054e-02 1.473607159310049252e-24 2.947214318620056773e-23
-1.297499999999998543e+01 5.000000000000071054e-02 1.473607159310049252e-24 2.947214318620056773e-23
-1.292499999999998472e+01 5.000000000000071054e-02 1.473607553740501862e-24 2.947215107480961994e-23
-1.287499999999998401e+01 5.000000000000071054e-02 1.473607948170954473e-24 2.947215896341867215e-23
-1.282499999999998330e+01 5.000000000000071054e-02 2.947215896341908945e-24 5.894431792683734431e-23
-1.277499999999998259e+01 5.000000000000071054e-02 5.157627818598340655e-24 1.031525563719653437e-22
-1.272499999999998188e+01 5.000000000000071054e-02 7.368039740854772364e-24 1.473607948170933549e-22
-1.267499999999998117e+01 5.000000000000071054e-02 6.631232611325674243e-24 1.326246522265116041e-22
-1.262499999999998046e+01 5.000000000000071054e-02 8.104829515443955622e-24 1.620965903088768085e-22
-1.257499999999997975e+01 5.000000000000071054e-02 9.578437463614910095e-24 1.915687492722954747e-22
-1.252499999999997904e+01 5.000000000000071054e-02 1.915686861634257842e-23 3.831373723268461141e-22
-1.247499999999997833e+01 5.000000000000071054e-02 1.252565335995681904e-23 2.505130671991328073e-22
-1.242499999999997762e+01 5.000000000000071054e-02 2.873530607995748852e-23 5.747061215991415889e-22
-1.237499999999997691e+01 5.000000000000071054e-02 2.578809018361557957e-23 5.157618036723042563e-22
-1.232499999999997620e+01 5.000000000000071054e-02 2.726183381586223206e-23 5.452366763172369299e-22
-1.227499999999997549e+01 5.000000000000071054e-02 3.905079837542573613e-23 7.810159675085036259e-22
-1.222499999999997478e+01 5.000000000000071054e-02 5.747096556960051604e-23 1.149419311391993958e-21
-1.217499999999997407e+01 5.000000000000071054e-02 6.852305831304069387e-23 1.370461166260794317e-21
-1.212499999999997335e+01 5.000000000000071054e-02 8.546960809271365666e-23 1.709392161854248683e-21
-1.207499999999997264e+01 5.000000000000071054e-02 9.431136306682249356e-23 1.886227261336423164e-21
-1.202499999999997193e+01 5.000000000000071054e-02 1.318887081108146985e-22 2.637774162216256355e-21
-1.197499999999997122e+01 5.000000000000071054e-02 1.488353588646835296e-22 2.976707177293628463e-21
-1.192499999999997051e+01 5.000000000000071054e-02 1.672555260588583095e-22 3.345110521177118795e-21
-1.187499999999996980e+01 5.000000000000071054e-02 2.232529373228294261e-22 4.465058746456525328e-21
-1.182499999999996909e+01 5.000000000000071054e-02 3.087227473639348194e-22 6.174454947278608366e-21
-1.177499999999996838e+01 5.000000000000071054e-02 3.381951966281670302e-22 6.763903932563244307e-21
-1.172499999999996767e+01 5.000000000000071054e-02 4.516634346222193439e-22 9.033268692444258984e-21
-1.167499999999996696e+01 5.000000000000071054e-02 5.363601862197571127e-22 1.072720372439499029e-20
-1.162499999999996625e+01 5.000000000000071054e-02 6.859096345976211857e-22 1.371819269195222811e-20
-1.157499999999996554e+01 5.000000000000071054e-02 8.634666995802561936e-22 1.726933399160487711e-20
-1.152499999999996483e+01 5.000000000000071054e-02 1.035863175360454661e-21 2.071726350720879831e-20
-1.147499999999996412e+01 5.000000000000071054e-02 1.289274479660049589e-21 2.578548959320062464e-20
-1.142499999999996341e+01 5.000000000000071054e-02 1.481537022632158808e-21 2.963074045264275486e-20
-1.137499999999996270e+01 5.000000000000071054e-02 1.866107345016126240e-21 3.732214690032199516e-20
-1.132499999999996199e+01 5.000000000000071054e-02 2.112179036966446939e-21 4.224358073932833693e-20
-1.127499999999996128e+01 5.000000000000071054e-02 2.579266280007547506e-21 5.158532560015021586e-20
-1.122499999999996056e+01 5.000000000000071054e-02 3.006549495037368348e-21 6.013098990074651232e-20
-1.117499999999995985e+01 5.000000000000071054e-02 3.690169034872696727e-21 7.380338069745288732e-20
-1.112499999999995914e+01 5.000000000000071054e-02 4.318582346755779973e-21 8.637164693511437167e-20
-1.107499999999995843e+01 5.000000000000071054e-02 4.968358567310325493e-21 9.936717134620510153e-20
-1.102499999999995772e+01 5.000000000000071054e-02 5.984276915606092137e-21 1.196855383121201335e-19
-1.097499999999995701e+01 5.000000000000071054e-02 6.813073115293012444e-21 1.362614623058583230e-19
-1.092499999999995630e+01 5.000000000000071054e-02 7.579249157670254328e-21 1.515849831534029440e-19
-1.087499999999995559e+01 5.000000000000071054e-02 7.980018164452196236e-21 1.596003632890416618e-19
-1.082499999999995488e+01 5.000000000000071054e-02 8.062529430554360747e-21 1.612505886110849279e-19
-1.077499999999995417e+01 5.000000000000071054e-02 7.609454174725510979e-21 1.521890834945080529e-19
-1.072499999999995346e+01 5.000000000000071054e-02 6.763713697178324746e-21 1.352742739435645690e-19
-1.067499999999995275e+01 5.000000000000071054e-02 5.867140386050340734e-21 1.173428077210051536e-19
-1.062499999999995204e+01 5.000000000000071054e-02 5.266723583610482911e-21 1.053344716722081656e-19
-1.057499999999995133e+01 5.000000000000071054e-02 4.669253612102845250e-21 9.338507224205558092e-20
-1.052499999999995062e+01 5.000000000000071054e-02 4.159451860828757381e-21 8.318903721657396799e-20
-1.047499999999994991e+01 5.000000000000071054e-02 3.821303011356493896e-21 7.642606022712879458e-20
-1.042499999999994920e+01 5.000000000000071054e-02 3.444108652032313276e-21 6.888217304064529052e-20
-1.037499999999994849e+01 5.000000000000071054e-02 3.110380048958380032e-21 6.220760097916672194e-20
-1.032499999999994778e+01 5.000000000000071054e-02 2.752340090693630460e-21 5.504680181387182678e-20
-1.027499999999994706e+01 5.000000000000071054e-02 2.416401364420532095e-21 4.832802728840995579e-20
-1.022499999999994635e+01 5.000000000000071054e-02 2.095933500541589576e-21 4.191867001083119570e-20
-1.017499999999994564e+01 5.000000000000071054e-02 1.796093453188188185e-21 3.592186906376325213e-20
-1.012499999999994493e+01 5.000000000000071054e-02 1.634754459649134366e-21 3.269508919298222389e-20
-1.007499999999994422e+01 5.000000000000071054e-02 1.418899093864007566e-21 2.837798187727974807e-20
-1.002499999999994351e+01 5.000000000000071054e-02 1.315023303503246887e-21 2.630046607006456459e-20
-9.974999999999942801e+00 5.000000000000071054e-02 1.178732372888064437e-21 2.357464745776095471e-20
-9.924999999999942091e+00 5.000000000000071054e-02 1.042441442272881986e-21 2.084882884545734482e-20
-9.874999999999941380e+00 5.000000000000071054e-02 9.157277121874150593e-22 1.831455424374804239e-20
-9.824999999999940670e+00 5.000000000000071054e-02 9.157277121874150593e-22 1.831455424374804239e-20
-9.774999999999939959e+00 5.000000000000071054e-02 8.022747212969388572e-22 1.604549442593854844e-20
-9.724999999999939249e+00 5.000000000000071054e-02 7.367077330550402729e-22 1.473415466110059481e-20
-9.674999999999938538e+00 5.000000000000071054e-02 6.541964669528757624e-22 1.308392933905732867e-20
-9.624999999999937828e+00 5.000000000000071054e-02 6.188344957662338293e-22 1.237668991532450054e-20
-9.574999999999937117e+00 5.000000000000071054e-02 5.186422440707483521e-22 1.037284488141481959e-20
-9.524999999999936406e+00 5.000000000000071054e-02 4.972777198121521842e-22 9.945554396242902249e-21
-9.474999999999935696e+00 5.000000000000071054e-02 4.302373161041435194e-22 8.604746322082748513e-21
-9.424999999999934985e+00 5.000000000000071054e-02 4.177132846422078348e-22 8.354265692844037829e-21
-9.374999999999934275e+00 5.000000000000071054e-02 3.852981443877860627e-22 7.705962887755611417e-21
-9.324999999999933564e+00 5.000000000000071054e-02 3.013134628195114716e-22 6.026269256390143669e-21
-9.274999999999932854e+00 5.000000000000071054e-02 2.968932164211812300e-22 5.937864328423540340e-21
-9.224999999999932143e+00 5.000000000000071054e-02 2.210123199165120819e-22 4.420246398330179195e-21
-9.174999999999931433e+00 5.000000000000071054e-02 2.158553657851268000e-22 4.317107315702474309e-21
-9.124999999999930722e+00 5.000000000000071054e-02 1.893338873951453501e-22 3.786677747902852836e-21
-9.074999999999930012e+00 5.000000000000071054e-02 1.237668991532467659e-22 2.475337983064899958e-21
-9.024999999999929301e+00 5.000000000000071054e-02 1.318706842168522089e-22 2.637413684337006561e-21
-8.974999999999928590e+00 5.000000000000071054e-02 1.016656671615955577e-22 2.033313343231882189e-21
-8.924999999999927880e+00 5.000000000000071054e-02 7.588089650466914811e-23 1.517617930093361333e-21
-8.874999999999927169e+00 5.000000000000071054e-02 6.262015730967842320e-23 1.252403146193550596e-21
-8.824999999999926459e+00 5.000000000000071054e-02 7.072394237328386620e-23 1.414478847465657200e-21
-8.774999999999925748e+00 5.000000000000071054e-02 4.788600264857761774e-23 9.577200529715388131e-22
-8.724999999999925038e+00 5.000000000000071054e-02 4.567587944941249692e-23 9.135175889882369610e-22
-8.674999999999924327e+00 5.000000000000071054e-02 3.315184798747681228e-23 6.630369597495268417e-22
-8.624999999999923617e+00 5.000000000000071054e-02 3.020501705525665119e-23 6.041003411051244662e-22
-8.574999999999922906e+00 5.000000000000071054e-02 3.020501705525665119e-23 6.041003411051244662e-22
-8.524999999999922196e+00 5.000000000000071054e-02 2.357464745776128873e-23 4.714929491552190979e-22
-8.474999999999921485e+00 5.000000000000071054e-02 1.178732372888064437e-23 2.357464745776095489e-22
-8.424999999999920774e+00 5.000000000000071054e-02 1.547086239415584573e-23 3.094172478831124948e-22
-8.374999999999920064e+00 5.000000000000071054e-02 1.620757012721088600e-23 3.241514025442131122e-22
-8.324999999999919353e+00 5.000000000000071054e-02 1.252403146193568464e-23 2.504806292387101193e-22
-8.274999999999918643e+00 5.000000000000071054e-02 1.694427786026592628e-23 3.388855572053137295e-22
-8.224999999999917932e+00 5.000000000000071054e-02 1.547086239415584573e-23 3.094172478831124948e-22
-8.174999999999917222e+00 5.000000000000071054e-02 5.893661864440322183e-24 1.178732372888047745e-22
-8.124999999999916511e+00 5.000000000000071054e-02 4.420246398330241638e-24 8.840492796660357497e-23
-8.074999999999915801e+00 5.000000000000071054e-02 9.577200529715523548e-24 1.915440105943077438e-22
-8.024999999999915090e+00 5.000000000000071054e-02 6.630369597495362456e-24 1.326073919499053683e-22
-7.974999999999914380e+00 5.000000000000071054e-02 4.420246398330241638e-24 8.840492796660357497e-23
-7.924999999999913669e+00 5.000000000000071054e-02 5.156954131385281911e-24 1.031390826277041688e-22
-7.874999999999912959e+00 5.000000000000071054e-02 3.683538665275201365e-24 7.367077330550298110e-23
-7.824999999999912248e+00 5.000000000000071054e-02 2.946830932220161092e-24 5.893661864440238723e-23
-7.774999999999911537e+00 5.000000000000071054e-02 3.683538665275201365e-24 7.367077330550298110e-23
-7.724999999999910827e+00 5.000000000000071054e-02 2.210123199165120819e-24 4.420246398330178749e-23
-7.674999999999910116e+00 5.000000000000071054e-02 1.473415466110080546e-24 2.946830932220119362e-23
-7.624999999999909406e+00 5.000000000000071054e-02 7.367077330550402729e-25 1.473415466110059681e-23
-7.574999999999908695e+00 5.000000000000071054e-02 0.000000000000000000e+00 0.000000000000000000e+00
-7.524999999999907985e+00 5.000000000000071054e-02 1.473415466110080546e-24 2.946830932220119362e-23
-7.474999999999907274e+00 5.000000000000071054e-02 0.000000000000000000e+00 0.000000000000000000e+00
-7.424999999999906564e+00 5.000000000000071054e-02 7.367077330550402729e-25 1.473415466110059681e-23
-7.374999999999905853e+00 5.000000000000071054e-02 7.367077330550402729e-25 1.473415466110059681e-23
-7.324999999999905143e+00 5.000000000000071054e-02 0.000000000000000000e+00 0.000000000000000000e+00
-7.274999999999904432e+00 5.000000000000071054e-02 0.000000000000000000e+00 0.000000000000000000e+00
-7.224999999999903721e+00 5.000000000000071054e-02 7.367077330550402729e-25 1.473415466110059681e-23
-7.174999999999903011e+00 5.000000000000071054e-02 0.000000000000000000e+00 0.000000000000000000e+00
-7.124999999999902300e+00 5.000000000000071054e-02 0.000000000000000000e+00 0.000000000000000000e+00
-7.074999999999901590e+00 5.000000000000071054e-02 0.000000000000000000e+00 0.000000000000000000e+00
