# [0] log10 Mass / Msun, [1] Bin width log10 Mass / Msun, [2] dN/dV (pc^-3), [3] dN/dVlogM (pc^-3 log10 Mass/Msun)
5.025000000000000355e+00 4.999999999999982236e-02 0.000000000000000000e+00 0.000000000000000000e+00
5.074999999999999289e+00 4.999999999999982236e-02 0.000000000000000000e+00 0.000000000000000000e+00
5.125000000000000000e+00 4.999999999999982236e-02 0.000000000000000000e+00 0.000000000000000000e+00
5.174999999999998934e+00 4.999999999999982236e-02 0.000000000000000000e+00 0.000000000000000000e+00
5.224999999999999645e+00 4.999999999999982236e-02 0.000000000000000000e+00 0.000000000000000000e+00
5.274999999999998579e+00 4.999999999999982236e-02 0.000000000000000000e+00 0.000000000000000000e+00
5.324999999999999289e+00 4.999999999999982236e-02 0.000000000000000000e+00 0.000000000000000000e+00
5.374999999999998224e+00 4.999999999999982236e-02 0.000000000000000000e+00 0.000000000000000000e+00
5.424999999999998934e+00 4.999999999999982236e-02 0.000000000000000000e+00 0.000000000000000000e+00
5.474999999999997868e+00 4.999999999999982236e-02 0.000000000000000000e+00 0.000000000000000000e+00
5.524999999999998579e+00 4.999999999999982236e-02 0.000000000000000000e+00 0.000000000000000000e+00
5.574999999999997513e+00 4.999999999999982236e-02 0.000000000000000000e+00 0.000000000000000000e+00
5.624999999999998224e+00 4.999999999999982236e-02 0.000000000000000000e+00 0.000000000000000000e+00
5.674999999999997158e+00 4.999999999999982236e-02 0.000000000000000000e+00 0.000000000000000000e+00
5.724999999999997868e+00 4.999999999999982236e-02 0.000000000000000000e+00 0.000000000000000000e+00
5.774999999999996803e+00 4.999999999999982236e-02 0.000000000000000000e+00 0.000000000000000000e+00
5.824999999999997513e+00 4.999999999999982236e-02 0.000000000000000000e+00 0.000000000000000000e+00
5.874999999999996447e+00 4.999999999999982236e-02 0.000000000000000000e+00 0.000000000000000000e+00
5.924999999999997158e+00 4.999999999999982236e-02 0.000000000000000000e+00 0.000000000000000000e+00
5.974999999999996092e+00 4.999999999999982236e-02 0.000000000000000000e+00 0.000000000000000000e+00
6.024999999999996803e+00 4.999999999999982236e-02 0.000000000000000000e+00 0.000000000000000000e+00
6.074999999999995737e+00 4.999999999999982236e-02 1.021952768189247362e-21 2.043905536378501945e-20
6.124999999999996447e+00 4.999999999999982236e-02 1.507396110297244278e-21 3.014792220594499390e-20
6.174999999999995381e+00 4.999999999999982236e-02 2.034786960646412970e-21 4.069573921292840385e-20
6.224999999999996092e+00 4.999999999999982236e-02 2.207913075965955698e-21 4.415826151931927044e-20
6.274999999999995026e+00 4.999999999999982236e-02 2.378829673931508514e-21 4.757659347863033881e-20
6.324999999999995737e+00 4.999999999999982236e-02 2.123928394397681107e-21 4.247856788795377260e-20
6.374999999999994671e+00 4.999999999999982236e-02 1.577291256470841224e-21 3.154582512941693884e-20
6.424999999999995381e+00 4.999999999999982236e-02 1.021077725807852765e-21 2.042155451615712751e-20
6.474999999999994316e+00 4.999999999999982236e-02 4.994878430113173050e-22 9.989756860226382212e-21
6.524999999999995026e+00 4.999999999999982236e-02 4.051892531802721501e-22 8.103785063605471590e-21
6.574999999999993960e+00 4.999999999999982236e-02 3.757209438580705392e-22 7.514418877161437867e-21
6.624999999999994671e+00 4.999999999999982236e-02 3.558298350655844518e-22 7.116596701311714615e-21
6.674999999999993605e+00 4.999999999999982236e-02 3.197311561458874785e-22 6.394623122917772139e-21
6.724999999999994316e+00 4.999999999999982236e-02 3.101539556161719549e-22 6.203079112323460915e-21
6.774999999999993250e+00 4.999999999999982236e-02 2.954198009550711494e-22 5.908396019101444054e-21
6.824999999999993960e+00 4.999999999999982236e-02 3.182577406797773979e-22 6.365154813595570528e-21
6.874999999999992895e+00 4.999999999999982236e-02 3.064704169508967535e-22 6.129408339017956888e-21
6.924999999999993605e+00 4.999999999999982236e-02 3.197311561458874785e-22 6.394623122917772139e-21
6.974999999999992539e+00 4.999999999999982236e-02 3.322551876078231631e-22 6.645103752156486584e-21
7.024999999999993250e+00 4.999999999999982236e-02 3.462526345358689283e-22 6.925052690717402640e-21
7.074999999999992184e+00 4.999999999999982236e-02 3.462526345358689283e-22 6.925052690717402640e-21
7.124999999999992895e+00 4.999999999999982236e-02 3.830880211886209419e-22 7.661760423772445922e-21
7.174999999999991829e+00 4.999999999999982236e-02 3.749842361250154989e-22 7.499684722500337062e-21
7.224999999999992539e+00 4.999999999999982236e-02 3.830880211886209419e-22 7.661760423772445922e-21
7.274999999999991473e+00 4.999999999999982236e-02 3.992955913158318279e-22 7.985911826316665147e-21
7.324999999999992184e+00 4.999999999999982236e-02 3.860348521208411030e-22 7.720697042416849144e-21
7.374999999999991118e+00 4.999999999999982236e-02 3.882449753200062238e-22 7.764899506400151560e-21
7.424999999999991829e+00 4.999999999999982236e-02 4.037158377141620696e-22 8.074316754283269979e-21
7.474999999999990763e+00 4.999999999999982236e-02 3.889816830530612641e-22 7.779633661061252366e-21
7.524999999999991473e+00 4.999999999999982236e-02 3.654070355952999754e-22 7.308140711906025086e-21
7.574999999999990408e+00 4.999999999999982236e-02 3.352020185400433242e-22 6.704040370800890558e-21
7.624999999999991118e+00 4.999999999999982236e-02 3.285716489425479617e-22 6.571432978850982556e-21
7.674999999999990052e+00 4.999999999999982236e-02 3.248881102772727604e-22 6.497762205545478529e-21
7.724999999999990763e+00 4.999999999999982236e-02 2.932096777559060286e-22 5.864193555118141637e-21
7.774999999999989697e+00 4.999999999999982236e-02 2.475337983064935317e-22 4.950675966129887937e-21
7.824999999999990408e+00 4.999999999999982236e-02 2.475337983064935317e-22 4.950675966129887937e-21
7.874999999999989342e+00 4.999999999999982236e-02 2.342730591115028068e-22 4.685461182230072687e-21
7.924999999999990052e+00 4.999999999999982236e-02 2.077515807215213570e-22 4.155031614430442186e-21
7.974999999999988987e+00 4.999999999999982236e-02 2.025946265901360751e-22 4.051892531802735795e-21
8.024999999999989697e+00 5.000000000000071054e-02 2.099617039206864778e-22 4.199234078413670123e-21
8.074999999999988631e+00 4.999999999999893419e-02 1.804933945984848669e-22 3.609867891969774074e-21
8.124999999999989342e+00 4.999999999999893419e-02 2.327996436453927262e-22 4.655992872907953831e-21
8.174999999999988276e+00 5.000000000000071054e-02 2.637413684337044177e-22 5.274827368674013123e-21
8.224999999999988987e+00 5.000000000000071054e-02 2.887894313575757870e-22 5.775788627151433737e-21
8.274999999999987921e+00 4.999999999999893419e-02 2.364831823106679276e-22 4.729663646213459363e-21
8.324999999999988631e+00 4.999999999999893419e-02 1.937541337934755918e-22 3.875082675869594590e-21
8.374999999999987566e+00 5.000000000000071054e-02 1.480782543440630949e-22 2.961565086881219767e-21
8.424999999999988276e+00 5.000000000000071054e-02 1.215567759540816450e-22 2.431135519081598294e-21
8.474999999999987210e+00 4.999999999999893419e-02 9.577200529715523548e-23 1.915440105943145711e-21
8.524999999999987921e+00 4.999999999999893419e-02 9.282517436493507439e-23 1.856503487298740984e-21
8.574999999999986855e+00 5.000000000000071054e-02 7.661760423772418838e-23 1.532352084754461951e-21
8.624999999999987566e+00 5.000000000000071054e-02 6.556698824189858429e-23 1.311339764837953066e-21
8.674999999999986500e+00 4.999999999999893419e-02 6.188344957662338293e-23 1.237668991532493990e-21
8.724999999999987210e+00 4.999999999999893419e-02 5.525307997912802047e-23 1.105061599582583919e-21
8.774999999999986144e+00 5.000000000000071054e-02 3.830880211886209419e-23 7.661760423772309753e-22
8.824999999999986855e+00 5.000000000000071054e-02 4.125563305108225528e-23 8.251126610216333507e-22
8.874999999999985789e+00 4.999999999999893419e-02 2.873160158914657064e-23 5.746320317829436380e-22
8.924999999999986500e+00 4.999999999999893419e-02 2.431135519081632901e-23 4.862271038163369245e-22
8.974999999999985434e+00 5.000000000000071054e-02 2.136452425859616792e-23 4.272904851719172457e-22
9.024999999999986144e+00 5.000000000000071054e-02 2.725818612303649010e-23 5.451637224607220907e-22
9.074999999999985079e+00 4.999999999999893419e-02 2.283793972470624846e-23 4.567587944941347493e-22
9.124999999999985789e+00 4.999999999999893419e-02 1.105061599582560409e-23 2.210123199165167839e-22
9.174999999999984723e+00 5.000000000000071054e-02 9.577200529715523548e-24 1.915440105943077438e-22
9.224999999999985434e+00 5.000000000000071054e-02 8.103785063605443002e-24 1.620757012721065561e-22
9.274999999999984368e+00 4.999999999999893419e-02 1.105061599582560409e-23 2.210123199165167839e-22
9.324999999999985079e+00 4.999999999999893419e-02 9.577200529715523548e-24 1.915440105943145617e-22
9.374999999999984013e+00 5.000000000000071054e-02 5.893661864440322183e-24 1.178732372888047745e-22
9.424999999999984723e+00 5.000000000000071054e-02 1.031390826277056382e-23 2.062781652554083377e-22
9.474999999999983658e+00 4.999999999999893419e-02 6.630369597495362456e-24 1.326073919499100703e-22
9.524999999999984368e+00 4.999999999999893419e-02 2.946830932220161092e-24 5.893661864440447961e-23
9.574999999999983302e+00 5.000000000000071054e-02 4.420246398330241638e-24 8.840492796660357497e-23
9.624999999999984013e+00 5.000000000000071054e-02 2.210123199165120819e-24 4.420246398330178749e-23
9.674999999999982947e+00 4.999999999999893419e-02 2.946830932220161092e-24 5.893661864440447961e-23
9.724999999999983658e+00 4.999999999999893419e-02 7.367077330550402729e-25 1.473415466110111990e-23
9.774999999999982592e+00 5.000000000000071054e-02 7.367077330550402729e-25 1.473415466110059681e-23
9.824999999999983302e+00 5.000000000000071054e-02 7.367077330550402729e-25 1.473415466110059681e-23
9.874999999999982236e+00 4.999999999999893419e-02 1.473415466110080546e-24 2.946830932220223981e-23
9.924999999999982947e+00 4.999999999999893419e-02 7.367077330550402729e-25 1.473415466110111990e-23
9.974999999999981881e+00 5.000000000000071054e-02 7.367077330550402729e-25 1.473415466110059681e-23
1.002499999999998259e+01 5.000000000000071054e-02 7.367077330550402729e-25 1.473415466110059681e-23
1.007499999999998153e+01 4.999999999999893419e-02 7.367077330550402729e-25 1.473415466110111990e-23
1.012499999999998224e+01 4.999999999999893419e-02 0.000000000000000000e+00 0.000000000000000000e+00
1.017499999999998117e+01 5.000000000000071054e-02 0.000000000000000000e+00 0.000000000000000000e+00
1.022499999999998188e+01 5.000000000000071054e-02 0.000000000000000000e+00 0.000000000000000000e+00
1.027499999999998082e+01 4.999999999999893419e-02 0.000000000000000000e+00 0.000000000000000000e+00
1.032499999999998153e+01 4.999999999999893419e-02 0.000000000000000000e+00 0.000000000000000000e+00
1.037499999999998046e+01 5.000000000000071054e-02 0.000000000000000000e+00 0.000000000000000000e+00
1.042499999999998117e+01 5.000000000000071054e-02 0.000000000000000000e+00 0.000000000000000000e+00
1.047499999999998010e+01 4.999999999999893419e-02 0.000000000000000000e+00 0.000000000000000000e+00
1.052499999999998082e+01 4.999999999999893419e-02 0.000000000000000000e+00 0.000000000000000000e+00
1.057499999999997975e+01 5.000000000000071054e-02 0.000000000000000000e+00 0.000000000000000000e+00
1.062499999999998046e+01 5.000000000000071054e-02 0.000000000000000000e+00 0.000000000000000000e+00
1.067499999999997939e+01 4.999999999999893419e-02 0.000000000000000000e+00 0.000000000000000000e+00
1.072499999999998010e+01 4.999999999999893419e-02 0.000000000000000000e+00 0.000000000000000000e+00
1.077499999999997904e+01 5.000000000000071054e-02 0.000000000000000000e+00 0.000000000000000000e+00
1.082499999999997975e+01 5.000000000000071054e-02 0.000000000000000000e+00 0.000000000000000000e+00
1.087499999999997868e+01 4.999999999999893419e-02 0.000000000000000000e+00 0.000000000000000000e+00
1.092499999999997939e+01 4.999999999999893419e-02 0.000000000000000000e+00 0.000000000000000000e+00
1.097499999999997833e+01 5.000000000000071054e-02 0.000000000000000000e+00 0.000000000000000000e+00
1.102499999999997904e+01 5.000000000000071054e-02 0.000000000000000000e+00 0.000000000000000000e+00
1.107499999999997797e+01 4.999999999999893419e-02 0.000000000000000000e+00 0.000000000000000000e+00
1.112499999999997868e+01 4.999999999999893419e-02 0.000000000000000000e+00 0.000000000000000000e+00
1.117499999999997762e+01 5.000000000000071054e-02 0.000000000000000000e+00 0.000000000000000000e+00
1.122499999999997833e+01 5.000000000000071054e-02 0.000000000000000000e+00 0.000000000000000000e+00
1.127499999999997726e+01 4.999999999999893419e-02 0.000000000000000000e+00 0.000000000000000000e+00
1.132499999999997797e+01 4.999999999999893419e-02 0.000000000000000000e+00 0.000000000000000000e+00
1.137499999999997691e+01 5.000000000000071054e-02 0.000000000000000000e+00 0.000000000000000000e+00
1.142499999999997762e+01 5.000000000000071054e-02 0.000000000000000000e+00 0.000000000000000000e+00
1.147499999999997655e+01 4.999999999999893419e-02 0.000000000000000000e+00 0.000000000000000000e+00
1.152499999999997726e+01 4.999999999999893419e-02 0.000000000000000000e+00 0.000000000000000000e+00
1.157499999999997620e+01 5.000000000000071054e-02 0.000000000000000000e+00 0.000000000000000000e+00
1.162499999999997691e+01 5.000000000000071054e-02 0.000000000000000000e+00 0.000000000000000000e+00
1.167499999999997584e+01 4.999999999999893419e-02 0.000000000000000000e+00 0.000000000000000000e+00
1.172499999999997655e+01 4.999999999999893419e-02 0.000000000000000000e+00 0.000000000000000000e+00
1.177499999999997549e+01 5.000000000000071054e-02 0.000000000000000000e+00 0.000000000000000000e+00
1.182499999999997620e+01 5.000000000000071054e-02 0.000000000000000000e+00 0.000000000000000000e+00
1.187499999999997513e+01 4.999999999999893419e-02 0.000000000000000000e+00 0.000000000000000000e+00
1.192499999999997584e+01 4.999999999999893419e-02 0.000000000000000000e+00 0.000000000000000000e+00
1.197499999999997478e+01 5.000000000000071054e-02 0.000000000000000000e+00 0.000000000000000000e+00
1.202499999999997549e+01 5.000000000000071054e-02 0.000000000000000000e+00 0.000000000000000000e+00
1.207499999999997442e+01 4.999999999999893419e-02 0.000000000000000000e+00 0.000000000000000000e+00
1.212499999999997513e+01 4.999999999999893419e-02 0.000000000000000000e+00 0.000000000000000000e+00
1.217499999999997407e+01 5.000000000000071054e-02 0.000000000000000000e+00 0.000000000000000000e+00
1.222499999999997478e+01 5.000000000000071054e-02 0.000000000000000000e+00 0.000000000000000000e+00
1.227499999999997371e+01 4.999999999999893419e-02 0.000000000000000000e+00 0.000000000000000000e+00
1.232499999999997442e+01 4.999999999999893419e-02 0.000000000000000000e+00 0.000000000000000000e+00
1.237499999999997335e+01 5.000000000000071054e-02 0.000000000000000000e+00 0.000000000000000000e+00
1.242499999999997407e+01 5.000000000000071054e-02 0.000000000000000000e+00 0.000000000000000000e+00
1.247499999999997300e+01 4.999999999999893419e-02 0.000000000000000000e+00 0.000000000000000000e+00
1.252499999999997371e+01 4.999999999999893419e-02 0.000000000000000000e+00 0.000000000000000000e+00
1.257499999999997264e+01 5.000000000000071054e-02 0.000000000000000000e+00 0.000000000000000000e+00
1.262499999999997335e+01 5.000000000000071054e-02 0.000000000000000000e+00 0.000000000000000000e+00
1.267499999999997229e+01 4.999999999999893419e-02 0.000000000000000000e+00 0.000000000000000000e+00
1.272499999999997300e+01 4.999999999999893419e-02 0.000000000000000000e+00 0.000000000000000000e+00
1.277499999999997193e+01 5.000000000000071054e-02 0.000000000000000000e+00 0.000000000000000000e+00
1.282499999999997264e+01 5.000000000000071054e-02 0.000000000000000000e+00 0.000000000000000000e+00
1.287499999999997158e+01 4.999999999999893419e-02 0.000000000000000000e+00 0.000000000000000000e+00
1.292499999999997229e+01 4.999999999999893419e-02 0.000000000000000000e+00 0.000000000000000000e+00
1.297499999999997122e+01 5.000000000000071054e-02 0.000000000000000000e+00 0.000000000000000000e+00
1.302499999999997193e+01 5.000000000000071054e-02 0.000000000000000000e+00 0.000000000000000000e+00
1.307499999999997087e+01 4.999999999999893419e-02 0.000000000000000000e+00 0.000000000000000000e+00
1.312499999999997158e+01 4.999999999999893419e-02 0.000000000000000000e+00 0.000000000000000000e+00
1.317499999999997051e+01 5.000000000000071054e-02 0.000000000000000000e+00 0.000000000000000000e+00
1.322499999999997122e+01 5.000000000000071054e-02 0.000000000000000000e+00 0.000000000000000000e+00
1.327499999999997016e+01 4.999999999999893419e-02 0.000000000000000000e+00 0.000000000000000000e+00
1.332499999999997087e+01 4.999999999999893419e-02 0.000000000000000000e+00 0.000000000000000000e+00
1.337499999999996980e+01 5.000000000000071054e-02 0.000000000000000000e+00 0.000000000000000000e+00
1.342499999999997051e+01 5.000000000000071054e-02 0.000000000000000000e+00 0.000000000000000000e+00
1.347499999999996945e+01 4.999999999999893419e-02 0.000000000000000000e+00 0.000000000000000000e+00
1.352499999999997016e+01 4.999999999999893419e-02 0.000000000000000000e+00 0.000000000000000000e+00
1.357499999999996909e+01 5.000000000000071054e-02 0.000000000000000000e+00 0.000000000000000000e+00
1.362499999999996980e+01 5.000000000000071054e-02 0.000000000000000000e+00 0.000000000000000000e+00
1.367499999999996874e+01 4.999999999999893419e-02 0.000000000000000000e+00 0.000000000000000000e+00
1.372499999999996945e+01 4.999999999999893419e-02 0.000000000000000000e+00 0.000000000000000000e+00
1.377499999999996838e+01 5.000000000000071054e-02 0.000000000000000000e+00 0.000000000000000000e+00
1.382499999999996909e+01 5.000000000000071054e-02 0.000000000000000000e+00 0.000000000000000000e+00
1.387499999999996803e+01 4.999999999999893419e-02 0.000000000000000000e+00 0.000000000000000000e+00
1.392499999999996874e+01 4.999999999999893419e-02 0.000000000000000000e+00 0.000000000000000000e+00
1.397499999999996767e+01 5.000000000000071054e-02 0.000000000000000000e+00 0.000000000000000000e+00
1.402499999999996838e+01 5.000000000000071054e-02 0.000000000000000000e+00 0.000000000000000000e+00
1.407499999999996732e+01 4.999999999999893419e-02 0.000000000000000000e+00 0.000000000000000000e+00
1.412499999999996803e+01 4.999999999999893419e-02 0.000000000000000000e+00 0.000000000000000000e+00
1.417499999999996696e+01 5.000000000000071054e-02 0.000000000000000000e+00 0.000000000000000000e+00
1.422499999999996767e+01 5.000000000000071054e-02 0.000000000000000000e+00 0.000000000000000000e+00
1.427499999999996660e+01 4.999999999999893419e-02 0.000000000000000000e+00 0.000000000000000000e+00
1.432499999999996732e+01 4.999999999999893419e-02 0.000000000000000000e+00 0.000000000000000000e+00
1.437499999999996625e+01 5.000000000000071054e-02 0.000000000000000000e+00 0.000000000000000000e+00
1.442499999999996696e+01 5.000000000000071054e-02 0.000000000000000000e+00 0.000000000000000000e+00
1.447499999999996589e+01 4.999999999999893419e-02 0.000000000000000000e+00 0.000000000000000000e+00
1.452499999999996660e+01 4.999999999999893419e-02 0.000000000000000000e+00 0.000000000000000000e+00
1.457499999999996554e+01 5.000000000000071054e-02 0.000000000000000000e+00 0.000000000000000000e+00
1.462499999999996625e+01 5.000000000000071054e-02 0.000000000000000000e+00 0.000000000000000000e+00
1.467499999999996518e+01 4.999999999999893419e-02 0.000000000000000000e+00 0.000000000000000000e+00
1.472499999999996589e+01 4.999999999999893419e-02 0.000000000000000000e+00 0.000000000000000000e+00
1.477499999999996483e+01 5.000000000000071054e-02 0.000000000000000000e+00 0.000000000000000000e+00
1.482499999999996554e+01 5.000000000000071054e-02 0.000000000000000000e+00 0.000000000000000000e+00
1.487499999999996447e+01 4.999999999999893419e-02 0.000000000000000000e+00 0.000000000000000000e+00
1.492499999999996518e+01 4.999999999999893419e-02 0.000000000000000000e+00 0.000000000000000000e+00
1.497499999999996412e+01 5.000000000000071054e-02 0.000000000000000000e+00 0.000000000000000000e+00
1.502499999999996483e+01 5.000000000000071054e-02 0.000000000000000000e+00 0.000000000000000000e+00
1.507499999999996376e+01 4.999999999999893419e-02 0.000000000000000000e+00 0.000000000000000000e+00
1.512499999999996447e+01 4.999999999999893419e-02 0.000000000000000000e+00 0.000000000000000000e+00
1.517499999999996341e+01 5.000000000000071054e-02 0.000000000000000000e+00 0.000000000000000000e+00
1.522499999999996412e+01 5.000000000000071054e-02 0.000000000000000000e+00 0.000000000000000000e+00
1.527499999999996305e+01 4.999999999999893419e-02 0.000000000000000000e+00 0.000000000000000000e+00
1.532499999999996376e+01 4.999999999999893419e-02 0.000000000000000000e+00 0.000000000000000000e+00
1.537499999999996270e+01 5.000000000000071054e-02 0.000000000000000000e+00 0.000000000000000000e+00
1.542499999999996341e+01 5.000000000000071054e-02 0.000000000000000000e+00 0.000000000000000000e+00
1.547499999999996234e+01 4.999999999999893419e-02 0.000000000000000000e+00 0.000000000000000000e+00
1.552499999999996305e+01 4.999999999999893419e-02 0.000000000000000000e+00 0.000000000000000000e+00
1.557499999999996199e+01 5.000000000000071054e-02 0.000000000000000000e+00 0.000000000000000000e+00
1.562499999999996270e+01 5.000000000000071054e-02 0.000000000000000000e+00 0.000000000000000000e+00
1.567499999999996163e+01 4.999999999999893419e-02 0.000000000000000000e+00 0.000000000000000000e+00
1.572499999999996234e+01 4.999999999999893419e-02 0.000000000000000000e+00 0.000000000000000000e+00
1.577499999999996128e+01 5.000000000000071054e-02 0.000000000000000000e+00 0.000000000000000000e+00
1.582499999999996199e+01 5.000000000000071054e-02 0.000000000000000000e+00 0.000000000000000000e+00
1.587499999999996092e+01 4.999999999999893419e-02 0.000000000000000000e+00 0.000000000000000000e+00
1.592499999999996163e+01 4.999999999999893419e-02 0.000000000000000000e+00 0.000000000000000000e+00
