# [0] log10 Mass / Msun, [1] Bin width log10 Mass / Msun, [2] dN/dV (pc^-3), [3] dN/dVlogM (pc^-3 log10 Mass/Msun)
5.025000000000000355e+00 4.999999999999982236e-02 0.000000000000000000e+00 0.000000000000000000e+00
5.074999999999999289e+00 4.999999999999982236e-02 0.000000000000000000e+00 0.000000000000000000e+00
5.125000000000000000e+00 4.999999999999982236e-02 0.000000000000000000e+00 0.000000000000000000e+00
5.174999999999998934e+00 4.999999999999982236e-02 0.000000000000000000e+00 0.000000000000000000e+00
5.224999999999999645e+00 4.999999999999982236e-02 0.000000000000000000e+00 0.000000000000000000e+00
5.274999999999998579e+00 4.999999999999982236e-02 0.000000000000000000e+00 0.000000000000000000e+00
5.324999999999999289e+00 4.999999999999982236e-02 0.000000000000000000e+00 0.000000000000000000e+00
5.374999999999998224e+00 4.999999999999982236e-02 0.000000000000000000e+00 0.000000000000000000e+00
5.424999999999998934e+00 4.999999999999982236e-02 0.000000000000000000e+00 0.000000000000000000e+00
5.474999999999997868e+00 4.999999999999982236e-02 0.000000000000000000e+00 0.000000000000000000e+00
5.524999999999998579e+00 4.999999999999982236e-02 0.000000000000000000e+00 0.000000000000000000e+00
5.574999999999997513e+00 4.999999999999982236e-02 0.000000000000000000e+00 0.000000000000000000e+00
5.624999999999998224e+00 4.999999999999982236e-02 0.000000000000000000e+00 0.000000000000000000e+00
5.674999999999997158e+00 4.999999999999982236e-02 0.000000000000000000e+00 0.000000000000000000e+00
5.724999999999997868e+00 4.999999999999982236e-02 0.000000000000000000e+00 0.000000000000000000e+00
5.774999999999996803e+00 4.999999999999982236e-02 0.000000000000000000e+00 0.000000000000000000e+00
5.824999999999997513e+00 4.999999999999982236e-02 0.000000000000000000e+00 0.000000000000000000e+00
5.874999999999996447e+00 4.999999999999982236e-02 0.000000000000000000e+00 0.000000000000000000e+00
5.924999999999997158e+00 4.999999999999982236e-02 0.000000000000000000e+00 0.000000000000000000e+00
5.974999999999996092e+00 4.999999999999982236e-02 0.000000000000000000e+00 0.000000000000000000e+00
6.024999999999996803e+00 4.999999999999982236e-02 0.000000000000000000e+00 0.000000000000000000e+00
6.074999999999995737e+00 4.999999999999982236e-02 0.000000000000000000e+00 0.000000000000000000e+00
6.124999999999996447e+00 4.999999999999982236e-02 0.000000000000000000e+00 0.000000000000000000e+00
6.174999999999995381e+00 4.999999999999982236e-02 0.000000000000000000e+00 0.000000000000000000e+00
6.224999999999996092e+00 4.999999999999982236e-02 0.000000000000000000e+00 0.000000000000000000e+00
6.274999999999995026e+00 4.999999999999982236e-02 0.000000000000000000e+00 0.000000000000000000e+00
6.324999999999995737e+00 4.999999999999982236e-02 0.000000000000000000e+00 0.000000000000000000e+00
6.374999999999994671e+00 4.999999999999982236e-02 0.000000000000000000e+00 0.000000000000000000e+00
6.424999999999995381e+00 4.999999999999982236e-02 0.000000000000000000e+00 0.000000000000000000e+00
6.474999999999994316e+00 4.999999999999982236e-02 0.000000000000000000e+00 0.000000000000000000e+00
6.524999999999995026e+00 4.999999999999982236e-02 0.000000000000000000e+00 0.000000000000000000e+00
6.574999999999993960e+00 4.999999999999982236e-02 0.000000000000000000e+00 0.000000000000000000e+00
6.624999999999994671e+00 4.999999999999982236e-02 0.000000000000000000e+00 0.000000000000000000e+00
6.674999999999993605e+00 4.999999999999982236e-02 0.000000000000000000e+00 0.000000000000000000e+00
6.724999999999994316e+00 4.999999999999982236e-02 0.000000000000000000e+00 0.000000000000000000e+00
6.774999999999993250e+00 4.999999999999982236e-02 0.000000000000000000e+00 0.000000000000000000e+00
6.824999999999993960e+00 4.999999999999982236e-02 0.000000000000000000e+00 0.000000000000000000e+00
6.874999999999992895e+00 4.999999999999982236e-02 0.000000000000000000e+00 0.000000000000000000e+00
6.924999999999993605e+00 4.999999999999982236e-02 0.000000000000000000e+00 0.000000000000000000e+00
6.974999999999992539e+00 4.999999999999982236e-02 0.000000000000000000e+00 0.000000000000000000e+00
7.024999999999993250e+00 4.999999999999982236e-02 0.000000000000000000e+00 0.000000000000000000e+00
7.074999999999992184e+00 4.999999999999982236e-02 0.000000000000000000e+00 0.000000000000000000e+00
7.124999999999992895e+00 4.999999999999982236e-02 0.000000000000000000e+00 0.000000000000000000e+00
7.174999999999991829e+00 4.999999999999982236e-02 0.000000000000000000e+00 0.000000000000000000e+00
7.224999999999992539e+00 4.999999999999982236e-02 0.000000000000000000e+00 0.000000000000000000e+00
7.274999999999991473e+00 4.999999999999982236e-02 0.000000000000000000e+00 0.000000000000000000e+00
7.324999999999992184e+00 4.999999999999982236e-02 0.000000000000000000e+00 0.000000000000000000e+00
7.374999999999991118e+00 4.999999999999982236e-02 0.000000000000000000e+00 0.000000000000000000e+00
7.424999999999991829e+00 4.999999999999982236e-02 0.000000000000000000e+00 0.000000000000000000e+00
7.474999999999990763e+00 4.999999999999982236e-02 1.473607356525275557e-24 2.947214713050561693e-23
7.524999999999991473e+00 4.999999999999982236e-02 7.368037768702509311e-25 1.473607553740507152e-23
7.574999999999990408e+00 4.999999999999982236e-02 5.157626240876530213e-24 1.031525248175309687e-22
7.624999999999991118e+00 4.999999999999982236e-02 7.368031852245720154e-25 1.473606370449149320e-23
7.674999999999990052e+00 4.999999999999982236e-02 1.105205330039491678e-23 2.210410660078991349e-22
7.724999999999990763e+00 4.999999999999982236e-02 8.104842137218439158e-24 1.620968427443693474e-22
7.774999999999989697e+00 4.999999999999982236e-02 1.252566282628768169e-23 2.505132565257545272e-22
7.824999999999990408e+00 4.999999999999982236e-02 5.157626240876530213e-24 1.031525248175309687e-22
7.874999999999989342e+00 4.999999999999982236e-02 1.473607632626592384e-23 2.947215265253195113e-22
7.924999999999990052e+00 4.999999999999982236e-02 1.031525248175306043e-23 2.063050496350619373e-22
7.974999999999988987e+00 4.999999999999982236e-02 2.726174546344084730e-23 5.452349092688189209e-22
8.024999999999989697e+00 5.000000000000071054e-02 2.873535656705542266e-23 5.747071313411002718e-22
8.074999999999988631e+00 4.999999999999893419e-02 3.168255984162284807e-23 6.336511968324705031e-22
8.124999999999989342e+00 4.999999999999893419e-02 6.336503133082431139e-23 1.267300626616513311e-21
8.174999999999988276e+00 5.000000000000071054e-02 1.200988600270373469e-22 2.401977200540712708e-21
8.224999999999988987e+00 5.000000000000071054e-02 1.252564200035978386e-22 2.505128400071921036e-21
8.274999999999987921e+00 4.999999999999893419e-02 1.915690017077878726e-22 3.831380034155839455e-21
8.324999999999988631e+00 4.999999999999893419e-02 2.070426408923300963e-22 4.140852817846689947e-21
8.374999999999987566e+00 5.000000000000071054e-02 2.718819081046059181e-22 5.437638162092040873e-21
8.424999999999988276e+00 5.000000000000071054e-02 2.711452003715508778e-22 5.422904007430940820e-21
8.474999999999987210e+00 4.999999999999893419e-02 3.499838330215939623e-22 6.999676660432028204e-21
8.524999999999987921e+00 4.999999999999893419e-02 3.757720368011798937e-22 7.515440736023757365e-21
8.574999999999986855e+00 5.000000000000071054e-02 4.317697005006406810e-22 8.635394010012690240e-21
8.624999999999987566e+00 5.000000000000071054e-02 4.936616319097170003e-22 9.873232638194200074e-21
8.674999999999986500e+00 4.999999999999893419e-02 6.491289759590297850e-22 1.298257951918087255e-20
8.724999999999987210e+00 4.999999999999893419e-02 8.068048276203737978e-22 1.613609655240781901e-20
8.774999999999986144e+00 5.000000000000071054e-02 1.126580412412443324e-21 2.253160824824854749e-20
8.824999999999986855e+00 5.000000000000071054e-02 1.580454172182219525e-21 3.160908344364393911e-20
8.874999999999985789e+00 4.999999999999893419e-02 2.174322596071627036e-21 4.348645192143346757e-20
8.924999999999986500e+00 4.999999999999893419e-02 3.014773641342448792e-21 6.029547282685026380e-20
8.974999999999985434e+00 5.000000000000071054e-02 4.459371879745286457e-21 8.918743759490446526e-20
9.024999999999986144e+00 5.000000000000071054e-02 7.775271575799715175e-21 1.555054315159920887e-19
9.074999999999985079e+00 4.999999999999893419e-02 1.668427496046004941e-20 3.336854992092081142e-19
9.124999999999985789e+00 4.999999999999893419e-02 3.281816138966836025e-20 6.563632277933811679e-19
9.174999999999984723e+00 5.000000000000071054e-02 3.780199889730851105e-20 7.560399779461594358e-19
9.224999999999985434e+00 5.000000000000071054e-02 3.452289985278345565e-20 6.904579970556592908e-19
9.274999999999984368e+00 4.999999999999893419e-02 3.132927182998985607e-20 6.265854365998105066e-19
9.324999999999985079e+00 4.999999999999893419e-02 2.832645111005751192e-20 5.665290222011622754e-19
9.374999999999984013e+00 5.000000000000071054e-02 2.583489263216829457e-20 5.166978526433585729e-19
9.424999999999984723e+00 5.000000000000071054e-02 2.348557044554698457e-20 4.697114089109330469e-19
9.474999999999983658e+00 4.999999999999893419e-02 2.113539522891897925e-20 4.227079045783885887e-19
9.524999999999984368e+00 4.999999999999893419e-02 1.920894328107126236e-20 3.841788656214334324e-19
9.574999999999983302e+00 5.000000000000071054e-02 1.724488046474652499e-20 3.448976092949255887e-19
9.624999999999984013e+00 5.000000000000071054e-02 1.546057433528721745e-20 3.092114867057399675e-19
9.674999999999982947e+00 4.999999999999893419e-02 1.410508380525422791e-20 2.821016761050905768e-19
9.724999999999983658e+00 4.999999999999893419e-02 1.260876577593408541e-20 2.521753155186871008e-19
9.774999999999982592e+00 5.000000000000071054e-02 1.130257004053042787e-20 2.260514008106053314e-19
9.824999999999983302e+00 5.000000000000071054e-02 9.995676371484928705e-21 1.999135274296957334e-19
9.874999999999982236e+00 4.999999999999893419e-02 9.328193315942919936e-21 1.865638663188623709e-19
9.924999999999982947e+00 4.999999999999893419e-02 8.696123930375837664e-21 1.739224786075204607e-19
9.974999999999981881e+00 5.000000000000071054e-02 8.024246477829640935e-21 1.604849295565905317e-19
1.002499999999998259e+01 5.000000000000071054e-02 7.285315696878364400e-21 1.457063139375652176e-19
1.007499999999998153e+01 4.999999999999893419e-02 6.656193142243502289e-21 1.331238628448728865e-19
1.012499999999998224e+01 4.999999999999893419e-02 5.823015470249465164e-21 1.164603094049917829e-19
1.017499999999998117e+01 5.000000000000071054e-02 5.218863430356047576e-21 1.043772686071194710e-19
1.022499999999998188e+01 5.000000000000071054e-02 4.823212603614277526e-21 9.646425207228417829e-20
1.027499999999998082e+01 4.999999999999893419e-02 4.041578623539950937e-21 8.083157247080074005e-20
1.032499999999998153e+01 4.999999999999893419e-02 3.707113312732962653e-21 7.414226625466082992e-20
1.037499999999998046e+01 5.000000000000071054e-02 3.393301667845657779e-21 6.786603335691219262e-20
1.042499999999998117e+01 5.000000000000071054e-02 3.023448536457885280e-21 6.046897072915685097e-20
1.047499999999998010e+01 4.999999999999893419e-02 2.757509969522086883e-21 5.515019939044291728e-20
1.052499999999998082e+01 4.999999999999893419e-02 2.493018968658256284e-21 4.986037937316619095e-20
1.057499999999997975e+01 5.000000000000071054e-02 2.264613722017051517e-21 4.529227444034038635e-20
1.062499999999998046e+01 5.000000000000071054e-02 2.095196792808534536e-21 4.190393585617009489e-20
1.067499999999997939e+01 4.999999999999893419e-02 1.891865458485343421e-21 3.783730916970767490e-20
1.072499999999998010e+01 4.999999999999893419e-02 1.720949264416574078e-21 3.441898528833221581e-20
1.077499999999997904e+01 5.000000000000071054e-02 1.642108612282613627e-21 3.284217224565180310e-20
1.082499999999997975e+01 5.000000000000071054e-02 1.513223533089195003e-21 3.026447066178347274e-20
1.087499999999997868e+01 4.999999999999893419e-02 1.348149302096581417e-21 2.696298604193220312e-20
1.092499999999997939e+01 4.999999999999893419e-02 1.281871455515770075e-21 2.563742911031594918e-20
1.097499999999997833e+01 5.000000000000071054e-02 1.131583077972541859e-21 2.263166155945051519e-20
1.102499999999997904e+01 5.000000000000071054e-02 1.046900462762425651e-21 2.093800925524821510e-20
1.107499999999997797e+01 4.999999999999893419e-02 9.422104164861830859e-22 1.884420832972406195e-20
1.112499999999997868e+01 4.999999999999893419e-02 8.626976801045233007e-22 1.725395360209083314e-20
1.117499999999997762e+01 5.000000000000071054e-02 7.985911826316636559e-22 1.597182365263304742e-20
1.122499999999997833e+01 5.000000000000071054e-02 6.851640411353297359e-22 1.370328082270639912e-20
1.127499999999997726e+01 4.999999999999893419e-02 6.335169516390500705e-22 1.267033903278127224e-20
1.132499999999997797e+01 4.999999999999893419e-02 5.739082487469475137e-22 1.147816497493919553e-20
1.137499999999997691e+01 5.000000000000071054e-02 4.958430784372555269e-22 9.916861568744969102e-21
1.142499999999997762e+01 5.000000000000071054e-02 4.582063605660927676e-22 9.164127211321724450e-21
1.147499999999997655e+01 4.999999999999893419e-02 4.228443893794508345e-22 8.456887787589197247e-21
1.152499999999997726e+01 4.999999999999893419e-02 4.052151025744144322e-22 8.104302051488461677e-21
1.157499999999997620e+01 5.000000000000071054e-02 3.411086051015547874e-22 6.822172102030999452e-21
1.162499999999997691e+01 5.000000000000071054e-02 3.322164135166097399e-22 6.644328270332100007e-21
1.167499999999997584e+01 4.999999999999893419e-02 3.057466339149128543e-22 6.114932678298387237e-21
1.172499999999997655e+01 4.999999999999893419e-02 2.637672178278466998e-22 5.275344356557046092e-21
1.177499999999997549e+01 5.000000000000071054e-02 2.136193931918193970e-22 4.272387863836327003e-21
1.182499999999997620e+01 5.000000000000071054e-02 2.239591508487322430e-22 4.479183016974580913e-21
1.187499999999997513e+01 4.999999999999893419e-02 1.937670584905467328e-22 3.875341169811017412e-21
1.192499999999997584e+01 4.999999999999893419e-02 1.871496135901225114e-22 3.742992271802529974e-21
1.197499999999997478e+01 5.000000000000071054e-02 1.635232673440766585e-22 3.270465346881486526e-21
1.202499999999997549e+01 5.000000000000071054e-02 1.650225322043290211e-22 3.300450644086533403e-21
1.207499999999997442e+01 4.999999999999893419e-02 1.385010538143475713e-22 2.770021076287010483e-21
1.212499999999997513e+01 4.999999999999893419e-02 1.267137300854669269e-22 2.534274601709392706e-21
1.217499999999997407e+01 5.000000000000071054e-02 1.053621305239419001e-22 2.107242610478807909e-21
1.222499999999997478e+01 5.000000000000071054e-02 8.690566310635247009e-23 1.738113262127024575e-21
1.227499999999997371e+01 4.999999999999893419e-02 8.768114493062093354e-23 1.753622898612455910e-21
1.232499999999997442e+01 4.999999999999893419e-02 8.323504913814840978e-23 1.664700982763003743e-21
1.237499999999997335e+01 5.000000000000071054e-02 6.338271443687574559e-23 1.267654288737496856e-21
1.242499999999997407e+01 5.000000000000071054e-02 5.526600467619916153e-23 1.105320093523967432e-21
1.247499999999997300e+01 4.999999999999893419e-02 5.154369191971053699e-23 1.030873838394232745e-21
1.252499999999997371e+01 4.999999999999893419e-02 3.169135721843787279e-23 6.338271443687709976e-22
1.257499999999997264e+01 5.000000000000071054e-02 4.197941608706615450e-23 8.395883217413111470e-22
1.262499999999997335e+01 5.000000000000071054e-02 3.758501908287819498e-23 7.517003816575531790e-22
1.267499999999997229e+01 4.999999999999893419e-02 3.680953725860973153e-23 7.361907451722103352e-22
1.272499999999997300e+01 4.999999999999893419e-02 2.802074325023381249e-23 5.604148650046881927e-22
1.277499999999997193e+01 5.000000000000071054e-02 3.019209235818551013e-23 6.038418471637016451e-22
1.282499999999997264e+01 5.000000000000071054e-02 2.796904446194924826e-23 5.593808892389769718e-22
1.287499999999997158e+01 4.999999999999893419e-02 1.918025045357332921e-23 3.836050090714747657e-22
1.292499999999997229e+01 4.999999999999893419e-02 2.207538259750892607e-23 4.415076519501879254e-22
1.297499999999997122e+01 5.000000000000071054e-02 1.918025045357332921e-23 3.836050090714611299e-22
1.302499999999997193e+01 5.000000000000071054e-02 8.116709760676584060e-24 1.623341952135293772e-22
1.307499999999997087e+01 4.999999999999893419e-02 1.618172073306860389e-23 3.236344146613789897e-22
1.312499999999997158e+01 4.999999999999893419e-02 1.178732372888064437e-23 2.357464745776179185e-22
1.317499999999997051e+01 5.000000000000071054e-02 9.564275832644382491e-24 1.912855166528849227e-22
1.322499999999997122e+01 5.000000000000071054e-02 1.401037162511690624e-23 2.802074325023341282e-22
1.327499999999997016e+01 4.999999999999893419e-02 8.116709760676584060e-24 1.623341952135351371e-22
1.332499999999997087e+01 4.999999999999893419e-02 8.840492796660483275e-24 1.768098559332134271e-22
1.337499999999996980e+01 5.000000000000071054e-02 5.893661864440322183e-24 1.178732372888047745e-22
1.342499999999997051e+01 5.000000000000071054e-02 4.394397004187959523e-24 8.788794008375794443e-23
1.347499999999996945e+01 4.999999999999893419e-02 2.998529720504725321e-24 5.997059441009578772e-23
1.352499999999997016e+01 4.999999999999893419e-02 3.670613968204060307e-24 7.341227936408276955e-23
1.357499999999996909e+01 5.000000000000071054e-02 2.946830932220161092e-24 5.893661864440238723e-23
1.362499999999996980e+01 5.000000000000071054e-02 1.447566071967798431e-24 2.895132143935555720e-23
1.367499999999996874e+01 4.999999999999893419e-02 5.893661864440322183e-24 1.178732372888089592e-22
1.372499999999996945e+01 4.999999999999893419e-02 3.722312756488624537e-24 7.444625512977407766e-23
1.377499999999996838e+01 5.000000000000071054e-02 5.118180040171858738e-24 1.023636008034357172e-22
1.382499999999996909e+01 5.000000000000071054e-02 5.169878828456422968e-24 1.033975765691269900e-22
1.387499999999996803e+01 4.999999999999893419e-02 7.237830359838992155e-25 1.447566071967829288e-23
1.392499999999996874e+01 4.999999999999893419e-02 2.223047896236261876e-24 4.446095792472618380e-23
1.397499999999996767e+01 5.000000000000071054e-02 2.946830932220161092e-24 5.893661864440238723e-23
1.402499999999996838e+01 5.000000000000071054e-02 1.499264860252362661e-24 2.998529720504683004e-23
1.407499999999996732e+01 4.999999999999893419e-02 7.237830359838992155e-25 1.447566071967829288e-23
1.412499999999996803e+01 4.999999999999893419e-02 7.237830359838992155e-25 1.447566071967829288e-23
1.417499999999996696e+01 5.000000000000071054e-02 0.000000000000000000e+00 0.000000000000000000e+00
1.422499999999996767e+01 5.000000000000071054e-02 1.447566071967798431e-24 2.895132143935555720e-23
1.427499999999996660e+01 4.999999999999893419e-02 0.000000000000000000e+00 0.000000000000000000e+00
1.432499999999996732e+01 4.999999999999893419e-02 2.998529720504725321e-24 5.997059441009578772e-23
1.437499999999996625e+01 5.000000000000071054e-02 0.000000000000000000e+00 0.000000000000000000e+00
1.442499999999996696e+01 5.000000000000071054e-02 7.237830359838992155e-25 1.447566071967777860e-23
1.447499999999996589e+01 4.999999999999893419e-02 0.000000000000000000e+00 0.000000000000000000e+00
1.452499999999996660e+01 4.999999999999893419e-02 7.237830359838992155e-25 1.447566071967829288e-23
1.457499999999996554e+01 5.000000000000071054e-02 1.447566071967798431e-24 2.895132143935555720e-23
1.462499999999996625e+01 5.000000000000071054e-02 0.000000000000000000e+00 0.000000000000000000e+00
1.467499999999996518e+01 4.999999999999893419e-02 0.000000000000000000e+00 0.000000000000000000e+00
1.472499999999996589e+01 4.999999999999893419e-02 0.000000000000000000e+00 0.000000000000000000e+00
1.477499999999996483e+01 5.000000000000071054e-02 0.000000000000000000e+00 0.000000000000000000e+00
1.482499999999996554e+01 5.000000000000071054e-02 0.000000000000000000e+00 0.000000000000000000e+00
1.487499999999996447e+01 4.999999999999893419e-02 0.000000000000000000e+00 0.000000000000000000e+00
1.492499999999996518e+01 4.999999999999893419e-02 0.000000000000000000e+00 0.000000000000000000e+00
1.497499999999996412e+01 5.000000000000071054e-02 0.000000000000000000e+00 0.000000000000000000e+00
1.502499999999996483e+01 5.000000000000071054e-02 0.000000000000000000e+00 0.000000000000000000e+00
1.507499999999996376e+01 4.999999999999893419e-02 0.000000000000000000e+00 0.000000000000000000e+00
1.512499999999996447e+01 4.999999999999893419e-02 0.000000000000000000e+00 0.000000000000000000e+00
1.517499999999996341e+01 5.000000000000071054e-02 0.000000000000000000e+00 0.000000000000000000e+00
1.522499999999996412e+01 5.000000000000071054e-02 0.000000000000000000e+00 0.000000000000000000e+00
1.527499999999996305e+01 4.999999999999893419e-02 0.000000000000000000e+00 0.000000000000000000e+00
1.532499999999996376e+01 4.999999999999893419e-02 0.000000000000000000e+00 0.000000000000000000e+00
1.537499999999996270e+01 5.000000000000071054e-02 0.000000000000000000e+00 0.000000000000000000e+00
1.542499999999996341e+01 5.000000000000071054e-02 0.000000000000000000e+00 0.000000000000000000e+00
1.547499999999996234e+01 4.999999999999893419e-02 0.000000000000000000e+00 0.000000000000000000e+00
1.552499999999996305e+01 4.999999999999893419e-02 0.000000000000000000e+00 0.000000000000000000e+00
1.557499999999996199e+01 5.000000000000071054e-02 0.000000000000000000e+00 0.000000000000000000e+00
1.562499999999996270e+01 5.000000000000071054e-02 0.000000000000000000e+00 0.000000000000000000e+00
1.567499999999996163e+01 4.999999999999893419e-02 0.000000000000000000e+00 0.000000000000000000e+00
1.572499999999996234e+01 4.999999999999893419e-02 0.000000000000000000e+00 0.000000000000000000e+00
1.577499999999996128e+01 5.000000000000071054e-02 0.000000000000000000e+00 0.000000000000000000e+00
1.582499999999996199e+01 5.000000000000071054e-02 0.000000000000000000e+00 0.000000000000000000e+00
1.587499999999996092e+01 4.999999999999893419e-02 0.000000000000000000e+00 0.000000000000000000e+00
1.592499999999996163e+01 4.999999999999893419e-02 0.000000000000000000e+00 0.000000000000000000e+00
