# [0] log10 ho Msun/pc^3, [1] Bin width log10 Msun/pc^3, [2] dN/dV (pc^-3), [3] dN/dVlogho (pc^-3 log10 Msun/pc^3)
-5.974999999999999645e+00 4.999999999999982236e-02 0.000000000000000000e+00 0.000000000000000000e+00
-5.925000000000000711e+00 4.999999999999982236e-02 0.000000000000000000e+00 0.000000000000000000e+00
-5.875000000000000000e+00 4.999999999999982236e-02 0.000000000000000000e+00 0.000000000000000000e+00
-5.825000000000001066e+00 4.999999999999982236e-02 0.000000000000000000e+00 0.000000000000000000e+00
-5.775000000000000355e+00 4.999999999999982236e-02 0.000000000000000000e+00 0.000000000000000000e+00
-5.725000000000001421e+00 4.999999999999982236e-02 0.000000000000000000e+00 0.000000000000000000e+00
-5.675000000000000711e+00 4.999999999999982236e-02 0.000000000000000000e+00 0.000000000000000000e+00
-5.625000000000001776e+00 4.999999999999982236e-02 3.608061809718335804e-26 7.216123619436697321e-25
-5.575000000000001066e+00 4.999999999999982236e-02 0.000000000000000000e+00 0.000000000000000000e+00
-5.525000000000002132e+00 4.999999999999982236e-02 3.608062426015918008e-26 7.216124852031861729e-25
-5.475000000000001421e+00 4.999999999999982236e-02 0.000000000000000000e+00 0.000000000000000000e+00
-5.425000000000002487e+00 4.999999999999982236e-02 0.000000000000000000e+00 0.000000000000000000e+00
-5.375000000000001776e+00 4.999999999999982236e-02 1.804031089748442563e-25 3.608062179496897616e-24
-5.325000000000002842e+00 4.999999999999982236e-02 3.608062426015918008e-26 7.216124852031861729e-25
-5.275000000000002132e+00 4.999999999999982236e-02 0.000000000000000000e+00 0.000000000000000000e+00
-5.225000000000003197e+00 4.999999999999982236e-02 7.216122386841507200e-26 1.443224477368306583e-24
-5.175000000000002487e+00 4.999999999999982236e-02 7.216124852031836015e-26 1.443224970406372346e-24
-5.125000000000003553e+00 4.999999999999982236e-02 7.216124852031836015e-26 1.443224970406372346e-24
-5.075000000000002842e+00 4.999999999999982236e-02 2.525643205173076842e-25 5.051286410346171317e-24
-5.025000000000003908e+00 4.999999999999982236e-02 2.886449940812734406e-25 5.772899881625489383e-24
-4.975000000000003197e+00 4.999999999999982236e-02 3.608062426015918008e-25 7.216124852031860995e-24
-4.925000000000004263e+00 4.999999999999982236e-02 5.772893965168679655e-25 1.154578793033740045e-23
-4.875000000000003553e+00 4.999999999999982236e-02 7.216118935575046858e-25 1.443223787115014367e-23
-4.825000000000004619e+00 4.999999999999982236e-02 6.494514338980915466e-25 1.298902867796187648e-23
-4.775000000000003908e+00 4.999999999999982236e-02 3.608056509559128850e-25 7.216113019118282679e-24
-4.725000000000004974e+00 4.999999999999982236e-02 1.046337610506550459e-24 2.092675221013108265e-23
-4.675000000000004263e+00 4.999999999999982236e-02 1.082418925020001708e-24 2.164837850040011056e-23
-4.625000000000005329e+00 4.999999999999982236e-02 1.118499056242095124e-24 2.236998112484198184e-23
-4.575000000000004619e+00 4.999999999999982236e-02 1.371063130240369927e-24 2.742126260480749846e-23
-4.525000000000005684e+00 4.999999999999982236e-02 1.767949306848828840e-24 3.535898613697670022e-23
-4.475000000000004974e+00 4.999999999999982236e-02 2.525643106565463690e-24 5.051286213130945599e-23
-4.425000000000006040e+00 4.999999999999982236e-02 2.345244028176807047e-24 4.690488056353630551e-23
-4.375000000000005329e+00 4.999999999999982236e-02 3.102932305867105350e-24 6.205864611734233034e-23
-4.325000000000006395e+00 4.999999999999982236e-02 4.041033072581449053e-24 8.082066145162926317e-23
-4.275000000000005684e+00 4.999999999999982236e-02 5.989375935792597988e-24 1.197875187158523829e-22
-4.225000000000006750e+00 4.999999999999982236e-02 6.458429474593390723e-24 1.291685894918682847e-22
-4.175000000000006040e+00 4.999999999999982236e-02 8.551113373076449073e-24 1.710222674615295927e-22
-4.125000000000007105e+00 4.999999999999982236e-02 9.417030211519449311e-24 1.883406042303896445e-22
-4.075000000000006395e+00 4.999999999999982236e-02 1.075198796698875875e-23 2.150397593397759273e-22
-4.025000000000007461e+00 4.999999999999982236e-02 1.288078591771283502e-23 2.576157183542575938e-22
-3.975000000000007194e+00 4.999999999999982236e-02 1.547854274392907750e-23 3.095708548785826315e-22
-3.925000000000007372e+00 4.999999999999982236e-02 1.796811203015968954e-23 3.593622406031950604e-22
-3.875000000000007550e+00 4.999999999999982236e-02 2.233383867360829661e-23 4.466767734721675309e-22
-3.825000000000007727e+00 4.999999999999982236e-02 2.417394193201407052e-23 4.834788386402831031e-22
-3.775000000000007905e+00 4.999999999999982236e-02 2.933349614894296088e-23 5.866699229788612865e-22
-3.725000000000008082e+00 4.999999999999982236e-02 3.304987667142432341e-23 6.609975334284888192e-22
-3.675000000000008260e+00 4.999999999999982236e-02 3.900330263804418945e-23 7.800660527608865161e-22
-3.625000000000008438e+00 4.999999999999982236e-02 4.993595552954666432e-23 9.987191105909368600e-22
-3.575000000000008615e+00 4.999999999999982236e-02 5.469858018251730862e-23 1.093971603650350122e-21
-3.525000000000008793e+00 4.999999999999982236e-02 6.205896797259143717e-23 1.241179359451833069e-21
-3.475000000000008971e+00 4.999999999999982236e-02 7.032156020274873250e-23 1.406431204054979728e-21
-3.425000000000009148e+00 4.999999999999982236e-02 8.522313008059916197e-23 1.704462601611989258e-21
-3.375000000000009326e+00 4.999999999999982236e-02 9.734629398493773725e-23 1.946925879698761516e-21
-3.325000000000009504e+00 4.999999999999982236e-02 1.072323240927164243e-22 2.144646481854336008e-21
-3.275000000000009681e+00 4.999999999999982236e-02 1.268222773460253382e-22 2.536445546920515791e-21
-3.225000000000009859e+00 4.999999999999982236e-02 1.456547726690282783e-22 2.913095453380576099e-21
-3.175000000000010036e+00 4.999999999999982236e-02 1.685646060211927489e-22 3.371292120423867015e-21
-3.125000000000010214e+00 4.999999999999982236e-02 1.952274482853898040e-22 3.904548965707809622e-21
-3.075000000000010392e+00 4.999999999999982236e-02 2.216728931058824319e-22 4.433457862117664436e-21
-3.025000000000010569e+00 4.999999999999982236e-02 2.563096676177983097e-22 5.126193352355984249e-21
-2.975000000000010747e+00 4.999999999999982236e-02 2.902955624631471933e-22 5.805911249262964179e-21
-2.925000000000010925e+00 4.999999999999982236e-02 3.353952831509352303e-22 6.707905663018728680e-21
-2.875000000000011102e+00 4.999999999999982236e-02 3.802785151627816546e-22 7.605570303255660175e-21
-2.825000000000011280e+00 4.999999999999982236e-02 4.330282428779430415e-22 8.660564857558890922e-21
-2.775000000000011458e+00 4.999999999999982236e-02 4.882514344950940483e-22 9.765028689901915572e-21
-2.725000000000011635e+00 4.999999999999982236e-02 5.479930194289592741e-22 1.095986038857922460e-20
-2.675000000000011813e+00 4.999999999999982236e-02 6.068569366523373275e-22 1.213713873304679018e-20
-2.625000000000011990e+00 4.999999999999982236e-02 6.824442001954214897e-22 1.364888400390847794e-20
-2.575000000000012168e+00 4.999999999999982236e-02 7.448167687768308670e-22 1.489633537553667151e-20
-2.525000000000012346e+00 4.999999999999982236e-02 8.102593568094197186e-22 1.620518713618845155e-20
-2.475000000000012523e+00 4.999999999999982236e-02 8.802647668049048366e-22 1.760529533609815993e-20
-2.425000000000012701e+00 4.999999999999982236e-02 9.445845217794383089e-22 1.889169043558883238e-20
-2.375000000000012879e+00 4.999999999999982236e-02 9.960458187553203216e-22 1.992091637510647866e-20
-2.325000000000013056e+00 4.999999999999982236e-02 1.052617217835704730e-21 2.105234435671416983e-20
-2.275000000000013234e+00 4.999999999999982236e-02 1.108023778592552550e-21 2.216047557185112925e-20
-2.225000000000013411e+00 4.999999999999982236e-02 1.135554998941216895e-21 2.271109997882441916e-20
-2.175000000000013589e+00 4.999999999999982236e-02 1.149231751823184973e-21 2.298463503646378071e-20
-2.125000000000013767e+00 4.999999999999982236e-02 1.162726751152590130e-21 2.325453502305188384e-20
-2.075000000000013944e+00 4.999999999999982236e-02 1.161726702716710590e-21 2.323453405433429306e-20
-2.025000000000014122e+00 4.999999999999982236e-02 1.182525771478444337e-21 2.365051542956897100e-20
-1.975000000000014300e+00 4.999999999999982236e-02 1.190792730842572936e-21 2.381585461685154298e-20
-1.925000000000014477e+00 4.999999999999982236e-02 1.185920120046752757e-21 2.371840240093513940e-20
-1.875000000000014655e+00 4.999999999999982236e-02 1.183721305957524885e-21 2.367442611915058196e-20
-1.825000000000014833e+00 4.999999999999982236e-02 1.174213575674566744e-21 2.348427151349141915e-20
-1.775000000000015010e+00 4.999999999999982236e-02 1.157396929197878336e-21 2.314793858395764797e-20
-1.725000000000015188e+00 4.999999999999982236e-02 1.118763394065103823e-21 2.237526788130215470e-20
-1.675000000000015365e+00 4.999999999999982236e-02 1.069134172899056055e-21 2.138268345798119633e-20
-1.625000000000015543e+00 4.999999999999982236e-02 1.027127291830713726e-21 2.054254583661434674e-20
-1.575000000000015721e+00 4.999999999999982236e-02 9.656380455147601451e-22 1.931276091029527212e-20
-1.525000000000015898e+00 4.999999999999982236e-02 8.967284074928377048e-22 1.793456814985681729e-20
-1.475000000000016076e+00 4.999999999999982236e-02 8.143916248011335986e-22 1.628783249602272915e-20
-1.425000000000016254e+00 4.999999999999982236e-02 7.419810094600658244e-22 1.483962018920137065e-20
-1.375000000000016431e+00 4.999999999999982236e-02 6.551076580963912069e-22 1.310215316192787078e-20
-1.325000000000016609e+00 4.999999999999982236e-02 5.919123517670470067e-22 1.183824703534098226e-20
-1.275000000000016787e+00 4.999999999999982236e-02 5.402555687479639854e-22 1.080511137495931883e-20
-1.225000000000016964e+00 4.999999999999982236e-02 4.888346614504292885e-22 9.776693229008620376e-21
-1.175000000000017142e+00 4.999999999999982236e-02 4.517310873334510979e-22 9.034621746669053555e-21
-1.125000000000017319e+00 4.999999999999982236e-02 4.106660935641681732e-22 8.213321871283392052e-21
-1.075000000000017497e+00 4.999999999999982236e-02 3.604407207457140241e-22 7.208814414914306060e-21
-1.025000000000017675e+00 4.999999999999982236e-02 3.220802198385673656e-22 6.441604396771369882e-21
-9.750000000000178524e-01 4.999999999999982236e-02 2.770053388029629279e-22 5.540106776059278118e-21
-9.250000000000180300e-01 4.999999999999982236e-02 2.375527009933048501e-22 4.751054019866113553e-21
-8.750000000000182077e-01 4.999999999999982236e-02 1.913889142294567783e-22 3.827778284589149107e-21
-8.250000000000183853e-01 4.999999999999982236e-02 1.512771168691705066e-22 3.025542337383421040e-21
-7.750000000000185629e-01 4.999999999999982236e-02 1.169523526224876433e-22 2.339047052449761142e-21
-7.250000000000187406e-01 4.999999999999982236e-02 8.984603169003706065e-23 1.796920633800747608e-21
-6.750000000000189182e-01 4.999999999999982236e-02 6.894679652600197081e-23 1.378935930520044306e-21
-6.250000000000190958e-01 4.999999999999982236e-02 5.465208156531996130e-23 1.093041631306403176e-21
-5.750000000000192735e-01 4.999999999999982236e-02 4.212158775484870613e-23 8.424317550969771319e-22
-5.250000000000194511e-01 4.999999999999982236e-02 3.437000068643185694e-23 6.874000137286395839e-22
-4.750000000000196287e-01 4.999999999999982236e-02 2.743266953349689437e-23 5.486533906699398623e-22
-4.250000000000198064e-01 4.999999999999982236e-02 2.487357951341096500e-23 4.974715902682210868e-22
-3.750000000000199840e-01 4.999999999999982236e-02 2.154870119185992798e-23 4.309740238372000643e-22
-3.250000000000201617e-01 4.999999999999982236e-02 2.010436629415991482e-23 4.020873258831997069e-22
-2.750000000000203393e-01 4.999999999999982236e-02 1.614294664185518072e-23 3.228589328371047428e-22
-2.250000000000205169e-01 4.999999999999982236e-02 1.501203564813033819e-23 3.002407129626078453e-22
-1.750000000000206946e-01 4.999999999999982236e-02 1.429471496068200951e-23 2.858942992136412246e-22
-1.250000000000208722e-01 4.999999999999982236e-02 1.324781449791958386e-23 2.649562899583926175e-22
-7.500000000002104983e-02 4.999999999999982236e-02 1.137050224833634527e-23 2.274100449667277046e-22
-2.500000000002122746e-02 4.999999999999982236e-02 1.061117629540680814e-23 2.122235259081369152e-22
2.499999999997859490e-02 4.999999999999982236e-02 9.318706588292702400e-24 1.863741317658547063e-22
7.499999999997841726e-02 4.999999999999982236e-02 8.549687112559809483e-24 1.709937422511968009e-22
1.249999999999782396e-01 4.999999999999982236e-02 7.224905662767851098e-24 1.444981132553575392e-22
1.749999999999780620e-01 4.999999999999982236e-02 8.226569685781283048e-24 1.645313937156262487e-22
2.249999999999778844e-01 4.999999999999982236e-02 6.753154219671202502e-24 1.350630843934245202e-22
2.749999999999777067e-01 4.999999999999982236e-02 5.053556554816153451e-24 1.010711310963234334e-22
3.249999999999775291e-01 4.999999999999982236e-02 5.557619740590654691e-24 1.111523948118134935e-22
3.749999999999773515e-01 4.999999999999982236e-02 3.722312756488624537e-24 7.444625512977276110e-23
4.249999999999771738e-01 4.999999999999982236e-02 4.219913593727555248e-24 8.439827187455141058e-23
4.749999999999769962e-01 4.999999999999982236e-02 3.570447565902717112e-24 7.140895131805460085e-23
5.249999999999768185e-01 4.999999999999982236e-02 4.080973100212788880e-24 8.161946200425607148e-23
5.749999999999766409e-01 4.999999999999982236e-02 2.778809870295327345e-24 5.557619740590674674e-23
6.249999999999764633e-01 4.999999999999982236e-02 2.530009451675861990e-24 5.060018903351742200e-23
6.749999999999762856e-01 4.999999999999982236e-02 2.019483917365790222e-24 4.038967834731594550e-23
7.249999999999761080e-01 4.999999999999982236e-02 1.841769332637600682e-24 3.683538665275214295e-23
7.749999999999759304e-01 4.999999999999982236e-02 1.948398083474514406e-24 3.896796166949042918e-23
8.249999999999757527e-01 4.999999999999982236e-02 1.767452324478539602e-24 3.534904648957091547e-23
8.749999999999755751e-01 4.999999999999982236e-02 1.518651905859074247e-24 3.037303811718159073e-23
9.249999999999753975e-01 4.999999999999982236e-02 1.046900462762425651e-24 2.093800925524858649e-23
9.749999999999752198e-01 4.999999999999982236e-02 1.046900462762425651e-24 2.093800925524858649e-23
1.024999999999975042e+00 4.999999999999982236e-02 9.370405376577266629e-25 1.874081075315460085e-23
1.074999999999974865e+00 4.999999999999982236e-02 1.156760387867124639e-24 2.313520775734257507e-23
1.124999999999974687e+00 4.999999999999982236e-02 8.304117868208129392e-25 1.660823573641631756e-23
1.174999999999974509e+00 4.999999999999982236e-02 6.494660278248381353e-25 1.298932055649680826e-23
1.224999999999974332e+00 4.999999999999982236e-02 7.916376956073897670e-25 1.583275391214785118e-23
1.274999999999974154e+00 4.999999999999982236e-02 6.882401190382613076e-25 1.376480238076527611e-23
1.324999999999973976e+00 4.999999999999982236e-02 4.685202688288633315e-25 9.370405376577300425e-24
1.374999999999973799e+00 4.999999999999982236e-02 3.974344349375875157e-25 7.948688698751778231e-24
1.424999999999973621e+00 4.999999999999982236e-02 4.652890945610780671e-25 9.305781891221595138e-24
1.474999999999973443e+00 4.999999999999982236e-02 4.329773518832254236e-25 8.659547037664539328e-24
1.524999999999973266e+00 4.999999999999982236e-02 2.908056841006737919e-25 5.816113682013496410e-24
1.574999999999973088e+00 4.999999999999982236e-02 4.717514430966485958e-25 9.435028861933005712e-24
1.624999999999972911e+00 4.999999999999982236e-02 2.520315928872506197e-25 5.040631857745030026e-24
1.674999999999972733e+00 4.999999999999982236e-02 3.618915179919496078e-25 7.237830359839018604e-24
1.724999999999972555e+00 4.999999999999982236e-02 2.520315928872506197e-25 5.040631857745030026e-24
1.774999999999972378e+00 4.999999999999982236e-02 1.454028420503368960e-25 2.908056841006748205e-24
1.824999999999972200e+00 4.999999999999982236e-02 3.231174267785264355e-25 6.462348535570551485e-24
1.874999999999972022e+00 4.999999999999982236e-02 7.108583389127581581e-26 1.421716677825521459e-24
1.924999999999971845e+00 4.999999999999982236e-02 0.000000000000000000e+00 0.000000000000000000e+00
1.974999999999971667e+00 4.999999999999982236e-02 3.877409121342317226e-26 7.754818242684662003e-25
2.024999999999971934e+00 5.000000000000071054e-02 3.554291694563790790e-26 7.108583389127480562e-25
2.074999999999971756e+00 4.999999999999893419e-02 1.777145847281895395e-25 3.554291694563866463e-24
2.124999999999970690e+00 4.999999999999893419e-02 1.454028420503368960e-25 2.908056841006800000e-24
2.174999999999970512e+00 5.000000000000071054e-02 0.000000000000000000e+00 0.000000000000000000e+00
2.224999999999971223e+00 5.000000000000071054e-02 1.098599251046989881e-25 2.197198502093948537e-24
2.274999999999971045e+00 4.999999999999893419e-02 7.108583389127581581e-26 1.421716677825546622e-24
2.324999999999969980e+00 4.999999999999893419e-02 0.000000000000000000e+00 0.000000000000000000e+00
2.374999999999969802e+00 5.000000000000071054e-02 3.877409121342317226e-26 7.754818242684524249e-25
2.424999999999970512e+00 5.000000000000071054e-02 0.000000000000000000e+00 0.000000000000000000e+00
2.474999999999970335e+00 4.999999999999893419e-02 0.000000000000000000e+00 0.000000000000000000e+00
2.524999999999969269e+00 4.999999999999893419e-02 3.554291694563790790e-26 7.108583389127733109e-25
2.574999999999969091e+00 5.000000000000071054e-02 0.000000000000000000e+00 0.000000000000000000e+00
2.624999999999969802e+00 5.000000000000071054e-02 0.000000000000000000e+00 0.000000000000000000e+00
2.674999999999969624e+00 4.999999999999893419e-02 0.000000000000000000e+00 0.000000000000000000e+00
2.724999999999968558e+00 4.999999999999893419e-02 0.000000000000000000e+00 0.000000000000000000e+00
2.774999999999968381e+00 5.000000000000071054e-02 0.000000000000000000e+00 0.000000000000000000e+00
2.824999999999969091e+00 5.000000000000071054e-02 0.000000000000000000e+00 0.000000000000000000e+00
2.874999999999968914e+00 4.999999999999893419e-02 0.000000000000000000e+00 0.000000000000000000e+00
2.924999999999967848e+00 4.999999999999893419e-02 0.000000000000000000e+00 0.000000000000000000e+00
2.974999999999967670e+00 5.000000000000071054e-02 0.000000000000000000e+00 0.000000000000000000e+00
3.024999999999968381e+00 5.000000000000071054e-02 0.000000000000000000e+00 0.000000000000000000e+00
3.074999999999968203e+00 4.999999999999893419e-02 3.554291694563790790e-26 7.108583389127733109e-25
3.124999999999967137e+00 4.999999999999893419e-02 0.000000000000000000e+00 0.000000000000000000e+00
3.174999999999966960e+00 5.000000000000071054e-02 0.000000000000000000e+00 0.000000000000000000e+00
3.224999999999967670e+00 5.000000000000071054e-02 0.000000000000000000e+00 0.000000000000000000e+00
3.274999999999967493e+00 4.999999999999893419e-02 0.000000000000000000e+00 0.000000000000000000e+00
3.324999999999966427e+00 4.999999999999893419e-02 0.000000000000000000e+00 0.000000000000000000e+00
3.374999999999966249e+00 5.000000000000071054e-02 0.000000000000000000e+00 0.000000000000000000e+00
3.424999999999966960e+00 5.000000000000071054e-02 0.000000000000000000e+00 0.000000000000000000e+00
3.474999999999966782e+00 4.999999999999893419e-02 0.000000000000000000e+00 0.000000000000000000e+00
3.524999999999965716e+00 4.999999999999893419e-02 0.000000000000000000e+00 0.000000000000000000e+00
3.574999999999965539e+00 5.000000000000071054e-02 0.000000000000000000e+00 0.000000000000000000e+00
3.624999999999966249e+00 5.000000000000071054e-02 0.000000000000000000e+00 0.000000000000000000e+00
3.674999999999966072e+00 4.999999999999893419e-02 0.000000000000000000e+00 0.000000000000000000e+00
3.724999999999965006e+00 4.999999999999893419e-02 0.000000000000000000e+00 0.000000000000000000e+00
3.774999999999964828e+00 5.000000000000071054e-02 0.000000000000000000e+00 0.000000000000000000e+00
3.824999999999965539e+00 5.000000000000071054e-02 0.000000000000000000e+00 0.000000000000000000e+00
3.874999999999965361e+00 4.999999999999893419e-02 0.000000000000000000e+00 0.000000000000000000e+00
3.924999999999964295e+00 4.999999999999893419e-02 0.000000000000000000e+00 0.000000000000000000e+00
