# [0] log10 Mass / Msun, [1] Bin width log10 Mass / Msun, [2] dN/dV (pc^-3), [3] dN/dVlogM (pc^-3 log10 Mass/Msun)
5.025000000000000355e+00 4.999999999999982236e-02 7.368036782626377785e-25 1.473607356525280847e-23
5.074999999999999289e+00 4.999999999999982236e-02 0.000000000000000000e+00 0.000000000000000000e+00
5.125000000000000000e+00 4.999999999999982236e-02 0.000000000000000000e+00 0.000000000000000000e+00
5.174999999999998934e+00 4.999999999999982236e-02 0.000000000000000000e+00 0.000000000000000000e+00
5.224999999999999645e+00 4.999999999999982236e-02 0.000000000000000000e+00 0.000000000000000000e+00
5.274999999999998579e+00 4.999999999999982236e-02 7.368037768702509311e-25 1.473607553740507152e-23
5.324999999999999289e+00 4.999999999999982236e-02 7.368035796550246259e-25 1.473607159310054541e-23
5.374999999999998224e+00 4.999999999999982236e-02 7.368035796550246259e-25 1.473607159310054541e-23
5.424999999999998934e+00 4.999999999999982236e-02 2.210411133395526488e-24 4.420822266791068845e-23
5.474999999999997868e+00 4.999999999999982236e-02 2.947215107481003724e-24 5.894430214962028608e-23
5.524999999999998579e+00 4.999999999999982236e-02 3.684018292705575740e-24 7.368036585411177341e-23
5.574999999999997513e+00 4.999999999999982236e-02 7.368035007689341038e-24 1.473607001537873380e-22
5.624999999999998224e+00 4.999999999999982236e-02 3.536659075610290735e-23 7.073318151220606860e-22
5.674999999999997158e+00 4.999999999999982236e-02 1.200988474052628634e-22 2.401976948105265919e-21
5.724999999999997868e+00 4.999999999999982236e-02 2.269360468477721873e-22 4.538720936955459544e-21
5.774999999999996803e+00 4.999999999999982236e-02 5.025032859096299689e-22 1.005006571819263549e-20
5.824999999999997513e+00 4.999999999999982236e-02 8.989066228461084462e-22 1.797813245692223212e-20
5.874999999999996447e+00 4.999999999999982236e-02 1.391831748971162143e-21 2.783663497942333915e-20
5.924999999999997158e+00 4.999999999999982236e-02 2.241996309936121613e-21 4.483992619872258874e-20
5.974999999999996092e+00 4.999999999999982236e-02 2.875434097805610944e-21 5.750868195611242351e-20
6.024999999999996803e+00 4.999999999999982236e-02 3.340233669465119544e-21 6.680467338930263162e-20
6.074999999999995737e+00 4.999999999999982236e-02 3.463263053091744323e-21 6.926526106183512720e-20
6.124999999999996447e+00 4.999999999999982236e-02 3.075754785504793139e-21 6.151509571009607946e-20
6.174999999999995381e+00 4.999999999999982236e-02 2.517330323849072613e-21 5.034660647698163281e-20
6.224999999999996092e+00 4.999999999999982236e-02 1.597919072996382352e-21 3.195838145992776139e-20
6.274999999999995026e+00 4.999999999999982236e-02 2.024472850435250670e-21 4.048945700870515785e-20
6.324999999999995737e+00 4.999999999999982236e-02 2.782545107748887111e-21 5.565090215497793481e-20
6.374999999999994671e+00 4.999999999999982236e-02 3.092699063365059066e-21 6.185398126730139798e-20
6.424999999999995381e+00 4.999999999999982236e-02 2.680142732854236513e-21 5.360285465708492285e-20
6.474999999999994316e+00 4.999999999999982236e-02 2.414191241221366974e-21 4.828382482442751403e-20
6.524999999999995026e+00 4.999999999999982236e-02 2.607948606189110351e-21 5.215897212378239360e-20
6.574999999999993960e+00 4.999999999999982236e-02 2.627099776074273613e-21 5.254199552148565884e-20
6.624999999999994671e+00 4.999999999999982236e-02 2.388406470564440565e-21 4.776812941128897982e-20
6.674999999999993605e+00 4.999999999999982236e-02 2.529854355311008297e-21 5.059708710622034650e-20
6.724999999999994316e+00 4.999999999999982236e-02 2.355254622576963753e-21 4.710509245153944357e-20
6.774999999999993250e+00 4.999999999999982236e-02 2.282320557004514766e-21 4.564641114009045781e-20
6.824999999999993960e+00 4.999999999999982236e-02 2.178444766643754087e-21 4.356889533287523822e-20
6.874999999999992895e+00 4.999999999999982236e-02 2.160027073317378080e-21 4.320054146634771809e-20
6.924999999999993605e+00 4.999999999999982236e-02 2.051731036558287160e-21 4.103462073116588765e-20
6.974999999999992539e+00 4.999999999999982236e-02 2.024472850435250670e-21 4.048945700870515785e-20
7.024999999999993250e+00 4.999999999999982236e-02 1.870500934226747253e-21 3.741001868453507747e-20
7.074999999999992184e+00 4.999999999999982236e-02 1.791673206789857944e-21 3.583346413579728526e-20
7.124999999999992895e+00 4.999999999999982236e-02 1.780622590794032340e-21 3.561245181588077318e-20
7.174999999999991829e+00 4.999999999999982236e-02 1.772518805730426897e-21 3.545037611460866432e-20
7.224999999999992539e+00 4.999999999999982236e-02 1.639174706047464607e-21 3.278349412094940650e-20
7.274999999999991473e+00 4.999999999999982236e-02 1.588341872466666828e-21 3.176683744933345092e-20
7.324999999999992184e+00 4.999999999999982236e-02 1.606759565793042835e-21 3.213519131586097106e-20
7.374999999999991118e+00 4.999999999999982236e-02 1.547086239415584573e-21 3.094172478831179980e-20
7.424999999999991829e+00 4.999999999999982236e-02 1.441737033588713814e-21 2.883474067177437860e-20
7.474999999999990763e+00 4.999999999999982236e-02 1.427002878927613009e-21 2.854005757855236249e-20
7.524999999999991473e+00 4.999999999999982236e-02 1.417425678397897485e-21 2.834851356795805202e-20
7.574999999999990408e+00 4.999999999999982236e-02 1.309129641638806565e-21 2.618259283277622459e-20
7.624999999999991118e+00 4.999999999999982236e-02 1.337861243227953136e-21 2.675722486455915901e-20
7.674999999999990052e+00 4.999999999999982236e-02 1.267137300854669269e-21 2.534274601709347567e-20
7.724999999999990763e+00 4.999999999999982236e-02 1.251666438460513424e-21 2.503332876921035875e-20
7.774999999999989697e+00 4.999999999999982236e-02 1.259770223524118867e-21 2.519540447048246761e-20
7.824999999999990408e+00 4.999999999999982236e-02 1.203780435811935806e-21 2.407560871623880038e-20
7.874999999999989342e+00 4.999999999999982236e-02 1.144107109434477544e-21 2.288214218868963213e-20
7.924999999999990052e+00 4.999999999999982236e-02 1.125689416108101537e-21 2.251378832216211199e-20
7.974999999999988987e+00 4.999999999999982236e-02 1.089590737188404564e-21 2.179181474376816951e-20
8.024999999999989697e+00 5.000000000000071054e-02 1.096221106785899926e-21 2.192442213571768556e-20
8.074999999999988631e+00 4.999999999999893419e-02 1.085170490790074322e-21 2.170340981580194987e-20
8.124999999999989342e+00 4.999999999999893419e-02 1.029180703077891261e-21 2.058361406155826458e-20
8.174999999999988276e+00 5.000000000000071054e-02 1.032127534010111422e-21 2.064255068020193655e-20
8.224999999999988987e+00 5.000000000000071054e-02 1.015919963882900536e-21 2.031839927765772184e-20
8.274999999999987921e+00 4.999999999999893419e-02 9.805579926962586033e-22 1.961115985392559035e-20
8.324999999999988631e+00 4.999999999999893419e-02 9.142542967213049787e-22 1.828508593442649078e-20
8.374999999999987566e+00 5.000000000000071054e-02 8.892062337974336094e-22 1.778412467594841941e-20
8.424999999999988276e+00 5.000000000000071054e-02 9.245682049840755425e-22 1.849136409968124904e-20
8.474999999999987210e+00 4.999999999999893419e-02 8.243759532885900654e-22 1.648751906577215339e-20
8.524999999999987921e+00 4.999999999999893419e-02 8.206924146233148640e-22 1.641384829246664636e-20
8.574999999999986855e+00 5.000000000000071054e-02 7.934342285002783739e-22 1.586868457000534178e-20
8.624999999999987566e+00 5.000000000000071054e-02 7.705962887755721255e-22 1.541192577551122283e-20
8.674999999999986500e+00 4.999999999999893419e-02 7.249204093261596286e-22 1.449840818652350253e-20
8.724999999999987210e+00 4.999999999999893419e-02 7.536520109153061992e-22 1.507304021830644598e-20
8.774999999999986144e+00 5.000000000000071054e-02 7.197634551947743467e-22 1.439526910389528230e-20
8.824999999999986855e+00 5.000000000000071054e-02 6.829280685420223330e-22 1.365856137084025106e-20
8.874999999999985789e+00 4.999999999999893419e-02 6.350420658934447153e-22 1.270084131786916514e-20
8.924999999999986500e+00 4.999999999999893419e-02 6.505129282876005610e-22 1.301025856575228807e-20
8.974999999999985434e+00 5.000000000000071054e-02 6.092572952365183057e-22 1.218514590473019308e-20
9.024999999999986144e+00 5.000000000000071054e-02 5.768421549820965337e-22 1.153684309964176667e-20
9.074999999999985079e+00 4.999999999999893419e-02 5.886294787109771781e-22 1.177258957421979484e-20
9.124999999999985789e+00 4.999999999999893419e-02 5.473738456598949228e-22 1.094747691319813167e-20
9.174999999999984723e+00 5.000000000000071054e-02 5.444270147276747617e-22 1.088854029455334026e-20
9.224999999999985434e+00 5.000000000000071054e-02 5.149587054054731508e-22 1.029917410810931707e-20
9.274999999999984368e+00 4.999999999999893419e-02 5.260093214012987549e-22 1.052018642802619929e-20
9.324999999999985079e+00 4.999999999999893419e-02 4.589689176932900900e-22 9.179378353865997403e-21
9.374999999999984013e+00 5.000000000000071054e-02 4.346575625024737610e-22 8.693151250049351841e-21
9.424999999999984723e+00 5.000000000000071054e-02 3.970854681166667071e-22 7.941709362333221295e-21
9.474999999999983658e+00 4.999999999999893419e-02 3.639336201291898948e-22 7.278672402583952874e-21
9.524999999999984368e+00 4.999999999999893419e-02 3.668804510614100559e-22 7.337609021228357600e-21
9.574999999999983302e+00 5.000000000000071054e-02 3.771943593241806197e-22 7.543887186483505566e-21
9.624999999999984013e+00 5.000000000000071054e-02 3.838247289216759822e-22 7.676494578433409806e-21
9.674999999999982947e+00 4.999999999999893419e-02 3.381488494722634853e-22 6.762976989445414150e-21
9.724999999999983658e+00 4.999999999999893419e-02 3.300450644086580423e-22 6.600901288173301529e-21
9.774999999999982592e+00 5.000000000000071054e-02 3.131007865483921160e-22 6.262015730967753547e-21
9.824999999999983302e+00 5.000000000000071054e-02 3.167843252136673174e-22 6.335686504273256069e-21
9.874999999999982236e+00 4.999999999999893419e-02 2.438502596412183303e-22 4.877005192824470426e-21
9.924999999999982947e+00 4.999999999999893419e-02 2.733185689634199413e-22 5.466371379268515434e-21
9.974999999999981881e+00 5.000000000000071054e-02 2.563742911031540150e-22 5.127485822063007325e-21
1.002499999999998259e+01 5.000000000000071054e-02 2.283793972470624846e-22 4.567587944941184993e-21
1.007499999999998153e+01 4.999999999999893419e-02 2.320629359123376860e-22 4.641258718246853025e-21
1.012499999999998224e+01 4.999999999999893419e-02 2.254325663148423235e-22 4.508651326296942767e-21
1.017499999999998117e+01 5.000000000000071054e-02 2.409034287089981692e-22 4.818068574179894924e-21
1.022499999999998188e+01 5.000000000000071054e-02 2.224857353826221624e-22 4.449714707652380054e-21
1.027499999999998082e+01 4.999999999999893419e-02 2.217490276495671222e-22 4.434980552991437235e-21
1.032499999999998153e+01 4.999999999999893419e-02 2.040680420562461556e-22 4.081360841125010381e-21
1.037499999999998046e+01 5.000000000000071054e-02 2.077515807215213570e-22 4.155031614430368459e-21
1.042499999999998117e+01 5.000000000000071054e-02 1.628124090051639003e-22 3.256248180103231739e-21
1.047499999999998010e+01 4.999999999999893419e-02 1.466048388779530143e-22 2.932096777559122729e-21
1.052499999999998082e+01 4.999999999999893419e-02 1.326073919499072491e-22 2.652147838998201406e-21
1.057499999999997975e+01 5.000000000000071054e-02 1.001922516954854771e-22 2.003845033909680954e-21
1.062499999999998046e+01 5.000000000000071054e-02 1.053492058268707590e-22 2.106984116537385088e-21
1.067499999999997939e+01 4.999999999999893419e-02 9.356188209799011466e-23 1.871237641959842166e-21
1.072499999999998010e+01 4.999999999999893419e-02 7.588089650466914811e-23 1.517617930093415312e-21
1.077499999999997904e+01 5.000000000000071054e-02 5.967332637745826211e-23 1.193466527549148315e-21
1.082499999999997975e+01 5.000000000000071054e-02 5.156954131385281911e-23 1.031390826277041712e-21
1.087499999999997868e+01 4.999999999999893419e-02 4.788600264857761774e-23 9.577200529715728554e-22
1.092499999999997939e+01 4.999999999999893419e-02 3.978221758497217474e-23 7.956443516994604219e-22
1.097499999999997833e+01 5.000000000000071054e-02 3.020501705525665119e-23 6.041003411051244662e-22
1.102499999999997904e+01 5.000000000000071054e-02 3.536197118664193310e-23 7.072394237328285998e-22
1.107499999999997797e+01 4.999999999999893419e-02 2.946830932220161092e-23 5.893661864440448196e-22
1.112499999999997868e+01 4.999999999999893419e-02 1.915440105943104710e-23 3.830880211886291234e-22
1.117499999999997762e+01 5.000000000000071054e-02 1.915440105943104710e-23 3.830880211886154876e-22
1.122499999999997833e+01 5.000000000000071054e-02 1.473415466110080546e-23 2.946830932220119244e-22
1.127499999999997726e+01 4.999999999999893419e-02 1.178732372888064437e-23 2.357464745776179185e-22
1.132499999999997797e+01 4.999999999999893419e-02 1.399744692804576519e-23 2.799489385609212752e-22
1.137499999999997691e+01 5.000000000000071054e-02 8.103785063605443002e-24 1.620757012721065561e-22
1.142499999999997762e+01 5.000000000000071054e-02 7.367077330550402729e-24 1.473415466110059622e-22
1.147499999999997655e+01 4.999999999999893419e-02 7.367077330550402729e-24 1.473415466110112049e-22
1.152499999999997726e+01 4.999999999999893419e-02 5.156954131385281911e-24 1.031390826277078364e-22
1.157499999999997620e+01 5.000000000000071054e-02 8.840492796660483275e-24 1.768098559332071499e-22
1.162499999999997691e+01 5.000000000000071054e-02 5.893661864440322183e-24 1.178732372888047745e-22
1.167499999999997584e+01 4.999999999999893419e-02 6.630369597495362456e-24 1.326073919499100703e-22
1.172499999999997655e+01 4.999999999999893419e-02 0.000000000000000000e+00 0.000000000000000000e+00
1.177499999999997549e+01 5.000000000000071054e-02 1.473415466110080546e-24 2.946830932220119362e-23
1.182499999999997620e+01 5.000000000000071054e-02 2.210123199165120819e-24 4.420246398330178749e-23
1.187499999999997513e+01 4.999999999999893419e-02 1.473415466110080546e-24 2.946830932220223981e-23
1.192499999999997584e+01 4.999999999999893419e-02 1.473415466110080546e-24 2.946830932220223981e-23
1.197499999999997478e+01 5.000000000000071054e-02 0.000000000000000000e+00 0.000000000000000000e+00
1.202499999999997549e+01 5.000000000000071054e-02 2.210123199165120819e-24 4.420246398330178749e-23
1.207499999999997442e+01 4.999999999999893419e-02 7.367077330550402729e-25 1.473415466110111990e-23
1.212499999999997513e+01 4.999999999999893419e-02 0.000000000000000000e+00 0.000000000000000000e+00
1.217499999999997407e+01 5.000000000000071054e-02 7.367077330550402729e-25 1.473415466110059681e-23
1.222499999999997478e+01 5.000000000000071054e-02 0.000000000000000000e+00 0.000000000000000000e+00
1.227499999999997371e+01 4.999999999999893419e-02 7.367077330550402729e-25 1.473415466110111990e-23
1.232499999999997442e+01 4.999999999999893419e-02 0.000000000000000000e+00 0.000000000000000000e+00
1.237499999999997335e+01 5.000000000000071054e-02 0.000000000000000000e+00 0.000000000000000000e+00
1.242499999999997407e+01 5.000000000000071054e-02 0.000000000000000000e+00 0.000000000000000000e+00
1.247499999999997300e+01 4.999999999999893419e-02 0.000000000000000000e+00 0.000000000000000000e+00
1.252499999999997371e+01 4.999999999999893419e-02 0.000000000000000000e+00 0.000000000000000000e+00
1.257499999999997264e+01 5.000000000000071054e-02 0.000000000000000000e+00 0.000000000000000000e+00
1.262499999999997335e+01 5.000000000000071054e-02 0.000000000000000000e+00 0.000000000000000000e+00
1.267499999999997229e+01 4.999999999999893419e-02 0.000000000000000000e+00 0.000000000000000000e+00
1.272499999999997300e+01 4.999999999999893419e-02 0.000000000000000000e+00 0.000000000000000000e+00
1.277499999999997193e+01 5.000000000000071054e-02 0.000000000000000000e+00 0.000000000000000000e+00
1.282499999999997264e+01 5.000000000000071054e-02 0.000000000000000000e+00 0.000000000000000000e+00
1.287499999999997158e+01 4.999999999999893419e-02 0.000000000000000000e+00 0.000000000000000000e+00
1.292499999999997229e+01 4.999999999999893419e-02 0.000000000000000000e+00 0.000000000000000000e+00
1.297499999999997122e+01 5.000000000000071054e-02 0.000000000000000000e+00 0.000000000000000000e+00
1.302499999999997193e+01 5.000000000000071054e-02 0.000000000000000000e+00 0.000000000000000000e+00
1.307499999999997087e+01 4.999999999999893419e-02 0.000000000000000000e+00 0.000000000000000000e+00
1.312499999999997158e+01 4.999999999999893419e-02 0.000000000000000000e+00 0.000000000000000000e+00
1.317499999999997051e+01 5.000000000000071054e-02 0.000000000000000000e+00 0.000000000000000000e+00
1.322499999999997122e+01 5.000000000000071054e-02 0.000000000000000000e+00 0.000000000000000000e+00
1.327499999999997016e+01 4.999999999999893419e-02 0.000000000000000000e+00 0.000000000000000000e+00
1.332499999999997087e+01 4.999999999999893419e-02 0.000000000000000000e+00 0.000000000000000000e+00
1.337499999999996980e+01 5.000000000000071054e-02 0.000000000000000000e+00 0.000000000000000000e+00
1.342499999999997051e+01 5.000000000000071054e-02 0.000000000000000000e+00 0.000000000000000000e+00
1.347499999999996945e+01 4.999999999999893419e-02 0.000000000000000000e+00 0.000000000000000000e+00
1.352499999999997016e+01 4.999999999999893419e-02 0.000000000000000000e+00 0.000000000000000000e+00
1.357499999999996909e+01 5.000000000000071054e-02 0.000000000000000000e+00 0.000000000000000000e+00
1.362499999999996980e+01 5.000000000000071054e-02 0.000000000000000000e+00 0.000000000000000000e+00
1.367499999999996874e+01 4.999999999999893419e-02 0.000000000000000000e+00 0.000000000000000000e+00
1.372499999999996945e+01 4.999999999999893419e-02 0.000000000000000000e+00 0.000000000000000000e+00
1.377499999999996838e+01 5.000000000000071054e-02 0.000000000000000000e+00 0.000000000000000000e+00
1.382499999999996909e+01 5.000000000000071054e-02 0.000000000000000000e+00 0.000000000000000000e+00
1.387499999999996803e+01 4.999999999999893419e-02 0.000000000000000000e+00 0.000000000000000000e+00
1.392499999999996874e+01 4.999999999999893419e-02 0.000000000000000000e+00 0.000000000000000000e+00
1.397499999999996767e+01 5.000000000000071054e-02 0.000000000000000000e+00 0.000000000000000000e+00
1.402499999999996838e+01 5.000000000000071054e-02 0.000000000000000000e+00 0.000000000000000000e+00
1.407499999999996732e+01 4.999999999999893419e-02 0.000000000000000000e+00 0.000000000000000000e+00
1.412499999999996803e+01 4.999999999999893419e-02 0.000000000000000000e+00 0.000000000000000000e+00
1.417499999999996696e+01 5.000000000000071054e-02 0.000000000000000000e+00 0.000000000000000000e+00
1.422499999999996767e+01 5.000000000000071054e-02 0.000000000000000000e+00 0.000000000000000000e+00
1.427499999999996660e+01 4.999999999999893419e-02 0.000000000000000000e+00 0.000000000000000000e+00
1.432499999999996732e+01 4.999999999999893419e-02 0.000000000000000000e+00 0.000000000000000000e+00
1.437499999999996625e+01 5.000000000000071054e-02 0.000000000000000000e+00 0.000000000000000000e+00
1.442499999999996696e+01 5.000000000000071054e-02 0.000000000000000000e+00 0.000000000000000000e+00
1.447499999999996589e+01 4.999999999999893419e-02 0.000000000000000000e+00 0.000000000000000000e+00
1.452499999999996660e+01 4.999999999999893419e-02 0.000000000000000000e+00 0.000000000000000000e+00
1.457499999999996554e+01 5.000000000000071054e-02 0.000000000000000000e+00 0.000000000000000000e+00
1.462499999999996625e+01 5.000000000000071054e-02 0.000000000000000000e+00 0.000000000000000000e+00
1.467499999999996518e+01 4.999999999999893419e-02 0.000000000000000000e+00 0.000000000000000000e+00
1.472499999999996589e+01 4.999999999999893419e-02 0.000000000000000000e+00 0.000000000000000000e+00
1.477499999999996483e+01 5.000000000000071054e-02 0.000000000000000000e+00 0.000000000000000000e+00
1.482499999999996554e+01 5.000000000000071054e-02 0.000000000000000000e+00 0.000000000000000000e+00
1.487499999999996447e+01 4.999999999999893419e-02 0.000000000000000000e+00 0.000000000000000000e+00
1.492499999999996518e+01 4.999999999999893419e-02 0.000000000000000000e+00 0.000000000000000000e+00
1.497499999999996412e+01 5.000000000000071054e-02 0.000000000000000000e+00 0.000000000000000000e+00
1.502499999999996483e+01 5.000000000000071054e-02 0.000000000000000000e+00 0.000000000000000000e+00
1.507499999999996376e+01 4.999999999999893419e-02 0.000000000000000000e+00 0.000000000000000000e+00
1.512499999999996447e+01 4.999999999999893419e-02 0.000000000000000000e+00 0.000000000000000000e+00
1.517499999999996341e+01 5.000000000000071054e-02 0.000000000000000000e+00 0.000000000000000000e+00
1.522499999999996412e+01 5.000000000000071054e-02 0.000000000000000000e+00 0.000000000000000000e+00
1.527499999999996305e+01 4.999999999999893419e-02 0.000000000000000000e+00 0.000000000000000000e+00
1.532499999999996376e+01 4.999999999999893419e-02 0.000000000000000000e+00 0.000000000000000000e+00
1.537499999999996270e+01 5.000000000000071054e-02 0.000000000000000000e+00 0.000000000000000000e+00
1.542499999999996341e+01 5.000000000000071054e-02 0.000000000000000000e+00 0.000000000000000000e+00
1.547499999999996234e+01 4.999999999999893419e-02 0.000000000000000000e+00 0.000000000000000000e+00
1.552499999999996305e+01 4.999999999999893419e-02 0.000000000000000000e+00 0.000000000000000000e+00
1.557499999999996199e+01 5.000000000000071054e-02 0.000000000000000000e+00 0.000000000000000000e+00
1.562499999999996270e+01 5.000000000000071054e-02 0.000000000000000000e+00 0.000000000000000000e+00
1.567499999999996163e+01 4.999999999999893419e-02 0.000000000000000000e+00 0.000000000000000000e+00
1.572499999999996234e+01 4.999999999999893419e-02 0.000000000000000000e+00 0.000000000000000000e+00
1.577499999999996128e+01 5.000000000000071054e-02 0.000000000000000000e+00 0.000000000000000000e+00
1.582499999999996199e+01 5.000000000000071054e-02 0.000000000000000000e+00 0.000000000000000000e+00
1.587499999999996092e+01 4.999999999999893419e-02 0.000000000000000000e+00 0.000000000000000000e+00
1.592499999999996163e+01 4.999999999999893419e-02 0.000000000000000000e+00 0.000000000000000000e+00
