# [0] log10 ho Msun/pc^3, [1] Bin width log10 Msun/pc^3, [2] dN/dV (pc^-3), [3] dN/dVlogho (pc^-3 log10 Msun/pc^3)
-5.974999999999999645e+00 4.999999999999982236e-02 0.000000000000000000e+00 0.000000000000000000e+00
-5.925000000000000711e+00 4.999999999999982236e-02 0.000000000000000000e+00 0.000000000000000000e+00
-5.875000000000000000e+00 4.999999999999982236e-02 0.000000000000000000e+00 0.000000000000000000e+00
-5.825000000000001066e+00 4.999999999999982236e-02 0.000000000000000000e+00 0.000000000000000000e+00
-5.775000000000000355e+00 4.999999999999982236e-02 0.000000000000000000e+00 0.000000000000000000e+00
-5.725000000000001421e+00 4.999999999999982236e-02 0.000000000000000000e+00 0.000000000000000000e+00
-5.675000000000000711e+00 4.999999999999982236e-02 0.000000000000000000e+00 0.000000000000000000e+00
-5.625000000000001776e+00 4.999999999999982236e-02 0.000000000000000000e+00 0.000000000000000000e+00
-5.575000000000001066e+00 4.999999999999982236e-02 0.000000000000000000e+00 0.000000000000000000e+00
-5.525000000000002132e+00 4.999999999999982236e-02 7.368036782626377785e-25 1.473607356525280847e-23
-5.475000000000001421e+00 4.999999999999982236e-02 0.000000000000000000e+00 0.000000000000000000e+00
-5.425000000000002487e+00 4.999999999999982236e-02 0.000000000000000000e+00 0.000000000000000000e+00
-5.375000000000001776e+00 4.999999999999982236e-02 0.000000000000000000e+00 0.000000000000000000e+00
-5.325000000000002842e+00 4.999999999999982236e-02 7.368036782626377785e-25 1.473607356525280847e-23
-5.275000000000002132e+00 4.999999999999982236e-02 0.000000000000000000e+00 0.000000000000000000e+00
-5.225000000000003197e+00 4.999999999999982236e-02 1.473607356525275557e-24 2.947214713050561693e-23
-5.175000000000002487e+00 4.999999999999982236e-02 1.473607159310049252e-24 2.947214318620109083e-23
-5.125000000000003553e+00 4.999999999999982236e-02 0.000000000000000000e+00 0.000000000000000000e+00
-5.075000000000002842e+00 4.999999999999982236e-02 0.000000000000000000e+00 0.000000000000000000e+00
-5.025000000000003908e+00 4.999999999999982236e-02 1.473607159310049252e-24 2.947214318620109083e-23
-4.975000000000003197e+00 4.999999999999982236e-02 0.000000000000000000e+00 0.000000000000000000e+00
-4.925000000000004263e+00 4.999999999999982236e-02 1.473607553740501862e-24 2.947215107481014304e-23
-4.875000000000003553e+00 4.999999999999982236e-02 2.947215107481003724e-24 5.894430214962028608e-23
-4.825000000000004619e+00 4.999999999999982236e-02 2.210410344534621267e-24 4.420820689069258403e-23
-4.775000000000003908e+00 4.999999999999982236e-02 7.368047629463824574e-25 1.473609525892770204e-23
-4.725000000000004974e+00 4.999999999999982236e-02 2.210410344534621267e-24 4.420820689069258403e-23
-4.675000000000004263e+00 4.999999999999982236e-02 3.684016714983765298e-24 7.368033429967556457e-23
-4.625000000000005329e+00 4.999999999999982236e-02 7.368055518072876784e-25 1.473611103614580647e-23
-4.575000000000004619e+00 4.999999999999982236e-02 2.210411922256431709e-24 4.420823844512879287e-23
-4.525000000000005684e+00 4.999999999999982236e-02 5.157621507711098887e-24 1.031524301542223421e-22
-4.475000000000004974e+00 4.999999999999982236e-02 6.631234189047484685e-24 1.326246837809501639e-22
-4.425000000000006040e+00 4.999999999999982236e-02 1.252566598173130258e-23 2.505133196346269449e-22
-4.375000000000005329e+00 4.999999999999982236e-02 8.841641378138485068e-24 1.768328275627703361e-22
-4.325000000000006395e+00 4.999999999999982236e-02 1.473606685993506119e-23 2.947213371987022583e-22
-4.275000000000005684e+00 4.999999999999982236e-02 1.399927708534587793e-23 2.799855417069185461e-22
-4.225000000000006750e+00 4.999999999999982236e-02 1.399927077445863617e-23 2.799854154891737107e-22
-4.175000000000006040e+00 4.999999999999982236e-02 1.842010408530236224e-23 3.684020817060485613e-22
-4.125000000000007105e+00 4.999999999999982236e-02 1.989369625625521229e-23 3.978739251251056564e-22
-4.075000000000006395e+00 4.999999999999982236e-02 2.873536287794266443e-23 5.747072575588553574e-22
-4.025000000000007461e+00 4.999999999999982236e-02 3.757700425608114950e-23 7.515400851216256230e-22
-3.975000000000007194e+00 4.999999999999982236e-02 4.420821951246690888e-23 8.841643902493413749e-22
-3.925000000000007372e+00 4.999999999999982236e-02 5.526019865993673488e-23 1.105203973198738647e-21
-3.875000000000007550e+00 4.999999999999982236e-02 6.999629707430800491e-23 1.399925941486164988e-21
-3.825000000000007727e+00 4.999999999999982236e-02 6.999627183075903784e-23 1.399925436615185647e-21
-3.775000000000007905e+00 4.999999999999982236e-02 9.946836768530570961e-23 1.989367353706121339e-21
-3.725000000000008082e+00 4.999999999999982236e-02 9.873155897805480105e-23 1.974631179561103168e-21
-3.675000000000008260e+00 4.999999999999982236e-02 1.252563695164999044e-22 2.505127390330007116e-21
-3.625000000000008438e+00 4.999999999999982236e-02 1.458869628324274100e-22 2.917739256648558733e-21
-3.575000000000008615e+00 4.999999999999982236e-02 1.525182916847835212e-22 3.050365833695681333e-21
-3.525000000000008793e+00 4.999999999999982236e-02 1.959905102835664679e-22 3.919810205671343651e-21
-3.475000000000008971e+00 4.999999999999982236e-02 2.151479405688735637e-22 4.302958811377486319e-21
-3.425000000000009148e+00 4.999999999999982236e-02 2.350413717678646217e-22 4.700827435357308985e-21
-3.375000000000009326e+00 4.999999999999982236e-02 2.652507307135436093e-22 5.305014614270890994e-21
-3.325000000000009504e+00 4.999999999999982236e-02 3.433524536821399169e-22 6.867049073642822413e-21
-3.275000000000009681e+00 4.999999999999982236e-02 3.787192716301835279e-22 7.574385432603697642e-21
-3.225000000000009859e+00 4.999999999999982236e-02 4.450322572311570351e-22 8.900645144623172300e-21
-3.175000000000010036e+00 4.999999999999982236e-02 5.481852742978924973e-22 1.096370548595788907e-20
-3.125000000000010214e+00 4.999999999999982236e-02 5.946039199321121319e-22 1.189207839864228477e-20
-3.075000000000010392e+00 4.999999999999982236e-02 7.353356956815819551e-22 1.470671391363169026e-20
-3.025000000000010569e+00 4.999999999999982236e-02 8.333299410814065061e-22 1.666659882162819031e-20
-2.975000000000010747e+00 4.999999999999982236e-02 9.342738446909355303e-22 1.868547689381877681e-20
-2.925000000000010925e+00 4.999999999999982236e-02 1.115527373035916881e-21 2.231054746071841585e-20
-2.875000000000011102e+00 4.999999999999982236e-02 1.317414372461407983e-21 2.634828744922825294e-20
-2.825000000000011280e+00 4.999999999999982236e-02 1.535509749807676917e-21 3.071019499615364668e-20
-2.775000000000011458e+00 4.999999999999982236e-02 1.769813505074723684e-21 3.539627010149460007e-20
-2.725000000000011635e+00 4.999999999999982236e-02 2.001899059206935867e-21 4.003798118413886178e-20
-2.675000000000011813e+00 4.999999999999982236e-02 2.303953268727337110e-21 4.607906537454690471e-20
-2.625000000000011990e+00 4.999999999999982236e-02 2.616354506046753717e-21 5.232709012093526091e-20
-2.575000000000012168e+00 4.999999999999982236e-02 2.932988581656969019e-21 5.865977163313958501e-20
-2.525000000000012346e+00 4.999999999999982236e-02 3.401460382871815572e-21 6.802920765743655218e-20
-2.475000000000012523e+00 4.999999999999982236e-02 3.661510134704575325e-21 7.323020269409177131e-20
-2.425000000000012701e+00 4.999999999999982236e-02 4.104273097857788422e-21 8.208546195715605732e-20
-2.375000000000012879e+00 4.999999999999982236e-02 4.425471207121250410e-21 8.850942414242532116e-20
-2.325000000000013056e+00 4.999999999999982236e-02 4.722370885890967211e-21 9.444741771781968125e-20
-2.275000000000013234e+00 4.999999999999982236e-02 4.919785940129843507e-21 9.839571880259721921e-20
-2.225000000000013411e+00 4.999999999999982236e-02 5.125314472955128602e-21 1.025062894591029332e-19
-2.175000000000013589e+00 4.999999999999982236e-02 5.097316347924769286e-21 1.019463269584957468e-19
-2.125000000000013767e+00 4.999999999999982236e-02 5.175397674105800199e-21 1.035079534821163771e-19
-2.075000000000013944e+00 4.999999999999982236e-02 5.178350967386555931e-21 1.035670193477314918e-19
-2.025000000000014122e+00 4.999999999999982236e-02 4.936684981550360439e-21 9.873369963100755786e-20
-1.975000000000014300e+00 4.999999999999982236e-02 4.710509245153927505e-21 9.421018490307888714e-20
-1.925000000000014477e+00 4.999999999999982236e-02 4.667043488903680129e-21 9.334086977807393962e-20
-1.875000000000014655e+00 4.999999999999982236e-02 4.504231079898516229e-21 9.008462159797064957e-20
-1.825000000000014833e+00 4.999999999999982236e-02 4.297952914643104952e-21 8.595905829286239997e-20
-1.775000000000015010e+00 4.999999999999982236e-02 4.213968233074830361e-21 8.427936466149690815e-20
-1.725000000000015188e+00 4.999999999999982236e-02 4.076203886993537830e-21 8.152407773987104549e-20
-1.675000000000015365e+00 4.999999999999982236e-02 3.866978890805906393e-21 7.733957781611840470e-20
-1.625000000000015543e+00 4.999999999999982236e-02 3.569348966651670122e-21 7.138697933303365523e-20
-1.575000000000015721e+00 4.999999999999982236e-02 3.357913847264873564e-21 6.715827694529771202e-20
-1.525000000000015898e+00 4.999999999999982236e-02 3.019764997792610079e-21 6.039529995585241824e-20
-1.475000000000016076e+00 4.999999999999982236e-02 2.646254177133704660e-21 5.292508354267427978e-20
-1.425000000000016254e+00 4.999999999999982236e-02 2.388406470564440565e-21 4.776812941128897982e-20
-1.375000000000016431e+00 4.999999999999982236e-02 2.038470297363296435e-21 4.076940594726607315e-20
-1.325000000000016609e+00 4.999999999999982236e-02 1.805670653717903709e-21 3.611341307435820057e-20
-1.275000000000016787e+00 4.999999999999982236e-02 1.522051101188784345e-21 3.044102202377579523e-20
-1.225000000000016964e+00 4.999999999999982236e-02 1.265663885388559189e-21 2.531327770777127406e-20
-1.175000000000017142e+00 4.999999999999982236e-02 1.105048674885489268e-21 2.210097349770986361e-20
-1.125000000000017319e+00 4.999999999999982236e-02 9.849782390945888449e-22 1.969956478189184611e-20
-1.075000000000017497e+00 4.999999999999982236e-02 8.391230326467620119e-22 1.678246065293530042e-20
-1.025000000000017675e+00 4.999999999999982236e-02 8.008013058308287767e-22 1.601602611661663271e-20
-9.750000000000178524e-01 4.999999999999982236e-02 6.762976989445269706e-22 1.352595397889058756e-20
-9.250000000000180300e-01 4.999999999999982236e-02 5.967332637745826211e-22 1.193466527549169455e-20
-8.750000000000182077e-01 4.999999999999982236e-02 5.517940920582251644e-22 1.103588184116454241e-20
-8.250000000000183853e-01 4.999999999999982236e-02 4.633762393945491906e-22 9.267524787891016914e-21
-7.750000000000185629e-01 4.999999999999982236e-02 4.295006083710884791e-22 8.590012167421799675e-21
-7.250000000000187406e-01 4.999999999999982236e-02 3.853110690848572038e-22 7.706221381697171159e-21
-6.750000000000189182e-01 4.999999999999982236e-02 3.558169103685133108e-22 7.116338207370291794e-21
-6.250000000000190958e-01 4.999999999999982236e-02 3.256248180103278006e-22 6.512496360206579335e-21
-5.750000000000192735e-01 4.999999999999982236e-02 3.108906633492269952e-22 6.217813266984561721e-21
-5.250000000000194511e-01 4.999999999999982236e-02 2.836454019232616461e-22 5.672908038465253235e-21
-4.750000000000196287e-01 4.999999999999982236e-02 2.490072137726036123e-22 4.980144275452090301e-21
-4.250000000000198064e-01 4.999999999999982236e-02 2.055285328252850951e-22 4.110570656505716196e-21
-3.750000000000199840e-01 4.999999999999982236e-02 2.283793972470624846e-22 4.567587944941266243e-21
-3.250000000000201617e-01 4.999999999999982236e-02 2.026075512872072161e-22 4.052151025744158616e-21
-2.750000000000203393e-01 4.999999999999982236e-02 1.760602235030834842e-22 3.521204470061682473e-21
-2.250000000000205169e-01 4.999999999999982236e-02 1.348304398461435110e-22 2.696608796922879624e-21
-1.750000000000206946e-01 4.999999999999982236e-02 1.421716677825516316e-22 2.843433355651042789e-21
-1.250000000000208722e-01 4.999999999999982236e-02 1.348304398461435110e-22 2.696608796922879624e-21
-7.500000000002104983e-02 4.999999999999982236e-02 1.230172667231205845e-22 2.460345334462420342e-21
-2.500000000002122746e-02 4.999999999999982236e-02 1.060859135599257993e-22 2.121718271198523509e-21
2.499999999997859490e-02 4.999999999999982236e-02 9.504822226117133627e-23 1.900964445223433496e-21
7.499999999997841726e-02 4.999999999999982236e-02 9.944261926535929579e-23 1.988852385307193063e-21
1.249999999999782396e-01 4.999999999999982236e-02 9.429858983104515494e-23 1.885971796620909870e-21
1.749999999999780620e-01 4.999999999999982236e-02 9.577200529715523548e-23 1.915440105943111480e-21
2.249999999999778844e-01 4.999999999999982236e-02 6.925052690717378566e-23 1.385010538143480603e-21
2.749999999999777067e-01 4.999999999999982236e-02 8.326089853229069190e-23 1.665217970645819668e-21
3.249999999999775291e-01 4.999999999999982236e-02 7.881480273981816815e-23 1.576296054796369005e-21
3.749999999999773515e-01 4.999999999999982236e-02 6.483028050884354402e-23 1.296605610176875394e-21
4.249999999999771738e-01 4.999999999999982236e-02 5.968625107452940316e-23 1.193725021490592389e-21
4.749999999999769962e-01 4.999999999999982236e-02 7.219735783939394675e-23 1.443947156787884013e-21
5.249999999999768185e-01 4.999999999999982236e-02 5.746320317829314129e-23 1.149264063565866964e-21
5.749999999999766409e-01 4.999999999999982236e-02 5.671357074816695996e-23 1.134271414963343149e-21
6.249999999999764633e-01 4.999999999999982236e-02 5.598978771218306074e-23 1.119795754243665165e-21
6.749999999999762856e-01 4.999999999999982236e-02 4.937234281175883934e-23 9.874468562351803604e-22
7.249999999999761080e-01 4.999999999999982236e-02 5.081990888372663777e-23 1.016398177674536329e-21
7.749999999999759304e-01 4.999999999999982236e-02 4.567587944941249692e-23 9.135175889882531358e-22
8.249999999999757527e-01 4.999999999999982236e-02 4.495209641342859771e-23 8.990419282685751515e-22
8.749999999999755751e-01 4.999999999999982236e-02 4.639966248539639614e-23 9.279932497079313082e-22
9.249999999999753975e-01 4.999999999999982236e-02 4.789892734564875880e-23 9.579785469129785614e-22
9.749999999999752198e-01 4.999999999999982236e-02 3.903258515484599341e-23 7.806517030969225953e-22
1.024999999999975042e+00 4.999999999999982236e-02 3.094172478831169146e-23 6.188344957662359922e-22
1.074999999999974865e+00 4.999999999999982236e-02 2.946830932220161092e-23 5.893661864440342872e-22
1.124999999999974687e+00 4.999999999999982236e-02 2.799489385609153037e-23 5.598978771218325823e-22
1.174999999999974509e+00 4.999999999999982236e-02 1.915440105943104710e-23 3.830880211886223055e-22
1.224999999999974332e+00 4.999999999999982236e-02 2.062781652554112764e-23 4.125563305108240105e-22
1.274999999999974154e+00 4.999999999999982236e-02 1.548378709122698679e-23 3.096757418245408172e-22
1.324999999999973976e+00 4.999999999999982236e-02 2.062781652554112764e-23 4.125563305108240105e-22
1.374999999999973799e+00 4.999999999999982236e-02 1.473415466110080546e-23 2.946830932220171436e-22
1.424999999999973621e+00 4.999999999999982236e-02 1.693135316319478522e-23 3.386270632638969269e-22
1.474999999999973443e+00 4.999999999999982236e-02 1.401037162511690624e-23 2.802074325023391123e-22
1.524999999999973266e+00 4.999999999999982236e-02 1.398452223097462413e-23 2.796904446194934700e-22
1.574999999999973088e+00 4.999999999999982236e-02 1.695720255733706733e-23 3.391440511467425692e-22
1.624999999999972911e+00 4.999999999999982236e-02 6.617444900424221399e-24 1.323488980084848982e-22
1.674999999999972733e+00 4.999999999999982236e-02 1.253695615900682570e-23 2.507391231801374073e-22
1.724999999999972555e+00 4.999999999999982236e-02 1.103769129875446304e-23 2.207538259750900601e-22
1.774999999999972378e+00 4.999999999999982236e-02 5.169878828456422968e-24 1.033975765691288238e-22
1.824999999999972200e+00 4.999999999999982236e-02 3.670613968204060307e-24 7.341227936408146475e-23
1.874999999999972022e+00 4.999999999999982236e-02 5.893661864440322183e-24 1.178732372888068668e-22
1.924999999999971845e+00 4.999999999999982236e-02 4.420246398330241638e-24 8.840492796660515014e-23
1.974999999999971667e+00 4.999999999999982236e-02 2.946830932220161092e-24 5.893661864440343342e-23
2.024999999999971934e+00 5.000000000000071054e-02 1.473415466110080546e-24 2.946830932220119362e-23
2.074999999999971756e+00 4.999999999999893419e-02 4.420246398330241638e-24 8.840492796660671354e-23
2.124999999999970690e+00 4.999999999999893419e-02 3.696463362346342422e-24 7.392926724692842360e-23
2.174999999999970512e+00 5.000000000000071054e-02 1.473415466110080546e-24 2.946830932220119362e-23
2.224999999999971223e+00 5.000000000000071054e-02 4.420246398330241638e-24 8.840492796660357497e-23
2.274999999999971045e+00 4.999999999999893419e-02 1.473415466110080546e-24 2.946830932220223981e-23
2.324999999999969980e+00 4.999999999999893419e-02 2.197198502093979761e-24 4.394397004188052975e-23
2.374999999999969802e+00 5.000000000000071054e-02 3.696463362346342422e-24 7.392926724692580225e-23
2.424999999999970512e+00 5.000000000000071054e-02 2.197198502093979761e-24 4.394397004187897222e-23
2.474999999999970335e+00 4.999999999999893419e-02 7.496324301261813304e-25 1.499264860252394693e-23
2.524999999999969269e+00 4.999999999999893419e-02 2.946830932220161092e-24 5.893661864440447961e-23
2.574999999999969091e+00 5.000000000000071054e-02 2.197198502093979761e-24 4.394397004187897222e-23
2.624999999999969802e+00 5.000000000000071054e-02 1.473415466110080546e-24 2.946830932220119362e-23
2.674999999999969624e+00 4.999999999999893419e-02 7.496324301261813304e-25 1.499264860252394693e-23
2.724999999999968558e+00 4.999999999999893419e-02 7.237830359838992155e-25 1.447566071967829288e-23
2.774999999999968381e+00 5.000000000000071054e-02 7.496324301261813304e-25 1.499264860252341502e-23
2.824999999999969091e+00 5.000000000000071054e-02 7.237830359838992155e-25 1.447566071967777860e-23
2.874999999999968914e+00 4.999999999999893419e-02 7.496324301261813304e-25 1.499264860252394693e-23
2.924999999999967848e+00 4.999999999999893419e-02 7.237830359838992155e-25 1.447566071967829288e-23
2.974999999999967670e+00 5.000000000000071054e-02 7.496324301261813304e-25 1.499264860252341502e-23
3.024999999999968381e+00 5.000000000000071054e-02 0.000000000000000000e+00 0.000000000000000000e+00
3.074999999999968203e+00 4.999999999999893419e-02 0.000000000000000000e+00 0.000000000000000000e+00
3.124999999999967137e+00 4.999999999999893419e-02 1.473415466110080546e-24 2.946830932220223981e-23
3.174999999999966960e+00 5.000000000000071054e-02 0.000000000000000000e+00 0.000000000000000000e+00
3.224999999999967670e+00 5.000000000000071054e-02 0.000000000000000000e+00 0.000000000000000000e+00
3.274999999999967493e+00 4.999999999999893419e-02 0.000000000000000000e+00 0.000000000000000000e+00
3.324999999999966427e+00 4.999999999999893419e-02 0.000000000000000000e+00 0.000000000000000000e+00
3.374999999999966249e+00 5.000000000000071054e-02 0.000000000000000000e+00 0.000000000000000000e+00
3.424999999999966960e+00 5.000000000000071054e-02 7.237830359838992155e-25 1.447566071967777860e-23
3.474999999999966782e+00 4.999999999999893419e-02 0.000000000000000000e+00 0.000000000000000000e+00
3.524999999999965716e+00 4.999999999999893419e-02 0.000000000000000000e+00 0.000000000000000000e+00
3.574999999999965539e+00 5.000000000000071054e-02 0.000000000000000000e+00 0.000000000000000000e+00
3.624999999999966249e+00 5.000000000000071054e-02 0.000000000000000000e+00 0.000000000000000000e+00
3.674999999999966072e+00 4.999999999999893419e-02 7.496324301261813304e-25 1.499264860252394693e-23
3.724999999999965006e+00 4.999999999999893419e-02 0.000000000000000000e+00 0.000000000000000000e+00
3.774999999999964828e+00 5.000000000000071054e-02 0.000000000000000000e+00 0.000000000000000000e+00
3.824999999999965539e+00 5.000000000000071054e-02 0.000000000000000000e+00 0.000000000000000000e+00
3.874999999999965361e+00 4.999999999999893419e-02 0.000000000000000000e+00 0.000000000000000000e+00
3.924999999999964295e+00 4.999999999999893419e-02 0.000000000000000000e+00 0.000000000000000000e+00
