# [0] log10 R / pc, [1] Bin width log10 R / pc, [2] dN/dV (pc^-3), [3] dN/dVlogM (pc^-3 log10 R/pc)
1.024999999999999911e+00 5.000000000000004441e-02 0.000000000000000000e+00 0.000000000000000000e+00
1.075000000000000178e+00 5.000000000000004441e-02 0.000000000000000000e+00 0.000000000000000000e+00
1.125000000000000000e+00 5.000000000000004441e-02 0.000000000000000000e+00 0.000000000000000000e+00
1.175000000000000266e+00 5.000000000000004441e-02 0.000000000000000000e+00 0.000000000000000000e+00
1.225000000000000089e+00 5.000000000000004441e-02 0.000000000000000000e+00 0.000000000000000000e+00
1.275000000000000355e+00 5.000000000000004441e-02 0.000000000000000000e+00 0.000000000000000000e+00
1.325000000000000178e+00 5.000000000000004441e-02 0.000000000000000000e+00 0.000000000000000000e+00
1.375000000000000444e+00 5.000000000000004441e-02 0.000000000000000000e+00 0.000000000000000000e+00
1.425000000000000266e+00 5.000000000000004441e-02 0.000000000000000000e+00 0.000000000000000000e+00
1.475000000000000533e+00 5.000000000000004441e-02 3.877409121342317226e-26 7.754818242684628023e-25
1.525000000000000355e+00 5.000000000000004441e-02 0.000000000000000000e+00 0.000000000000000000e+00
1.575000000000000622e+00 5.000000000000004441e-02 0.000000000000000000e+00 0.000000000000000000e+00
1.625000000000000444e+00 5.000000000000004441e-02 2.584939414228211484e-26 5.169878828456418376e-25
1.675000000000000711e+00 5.000000000000004441e-02 1.163222736402695168e-25 2.326445472805388132e-24
1.725000000000000533e+00 5.000000000000004441e-02 2.584939414228211484e-26 5.169878828456418376e-25
1.775000000000000799e+00 5.000000000000004441e-02 1.809457589959748039e-25 3.618915179919493139e-24
1.825000000000000622e+00 5.000000000000004441e-02 3.231174267785264355e-25 6.462348535570522832e-24
1.875000000000000888e+00 5.000000000000004441e-02 7.754818242684634452e-26 1.550963648536925605e-24
1.925000000000000711e+00 5.000000000000004441e-02 6.074607623436296987e-25 1.214921524687258369e-23
1.975000000000000977e+00 5.000000000000004441e-02 6.462348535570528710e-25 1.292469707114104566e-23
2.025000000000000799e+00 4.999999999999982236e-02 5.428372769879244116e-25 1.085674553975852644e-23
2.075000000000001066e+00 5.000000000000026645e-02 1.318319101256387857e-24 2.636638202512761608e-23
2.125000000000000888e+00 5.000000000000026645e-02 1.001664023013431950e-24 2.003328046026853321e-23
2.175000000000001155e+00 4.999999999999982236e-02 1.111523948118130938e-24 2.223047896236269811e-23
2.225000000000000977e+00 4.999999999999982236e-02 1.848231681173171211e-24 3.696463362346355353e-23
2.275000000000001243e+00 5.000000000000026645e-02 1.266620312971823627e-24 2.533240625943633736e-23
2.325000000000001066e+00 5.000000000000026645e-02 1.796532892888606981e-24 3.593065785777194567e-23
2.375000000000001332e+00 4.999999999999982236e-02 1.925779863600017556e-24 3.851559727200048629e-23
2.425000000000001155e+00 4.999999999999982236e-02 2.061489182846998658e-24 4.122978365694012011e-23
2.475000000000001421e+00 5.000000000000026645e-02 2.307058427198678749e-24 4.614116854397332814e-23
2.525000000000001243e+00 5.000000000000026645e-02 3.761086847702047709e-24 7.522173695404055452e-23
2.575000000000001510e+00 4.999999999999982236e-02 5.131104737242999796e-24 1.026220947448603603e-22
2.625000000000001332e+00 4.999999999999982236e-02 7.341227936408120614e-24 1.468245587281629295e-22
2.675000000000001599e+00 5.000000000000026645e-02 1.208459176151688869e-23 2.416918352303365042e-22
2.725000000000001421e+00 5.000000000000026645e-02 1.934827151549816296e-23 3.869654303099611903e-22
2.775000000000001688e+00 4.999999999999982236e-02 3.078662842345799877e-23 6.157325684691621384e-22
2.825000000000001510e+00 4.999999999999982236e-02 4.657414589585680041e-23 9.314829179171393937e-22
2.875000000000001776e+00 5.000000000000026645e-02 7.429115876491879805e-23 1.485823175298368062e-21
2.925000000000001599e+00 5.000000000000026645e-02 1.036883822532291332e-22 2.073767645064571754e-21
2.975000000000001865e+00 4.999999999999982236e-02 1.239930813519917344e-22 2.479861627039843339e-21
3.025000000000001688e+00 4.999999999999982236e-02 1.421328936913382084e-22 2.842657873826774325e-21
3.075000000000001954e+00 5.000000000000026645e-02 1.540817761336081160e-22 3.081635522672145770e-21
3.125000000000001776e+00 5.000000000000026645e-02 1.650613062955424443e-22 3.301226125910831207e-21
3.175000000000002043e+00 4.999999999999982236e-02 1.757564931219116693e-22 3.515129862438246176e-21
3.225000000000001865e+00 4.999999999999982236e-02 1.965458683608420602e-22 3.930917367216855498e-21
3.275000000000002132e+00 5.000000000000026645e-02 2.260723388198638059e-22 4.521446776397252043e-21
3.325000000000001954e+00 5.000000000000026645e-02 2.871156830868630201e-22 5.742313661737229556e-21
3.375000000000002220e+00 4.999999999999982236e-02 4.051827908317365796e-22 8.103655816634760180e-21
3.425000000000002043e+00 4.999999999999982236e-02 6.585391651687791577e-22 1.317078330337562980e-20
3.475000000000002309e+00 5.000000000000026645e-02 1.172140777381782497e-21 2.344281554763552356e-20
3.525000000000002132e+00 5.000000000000026645e-02 1.934581582305464616e-21 3.869163164610908768e-20
3.575000000000002398e+00 4.999999999999982236e-02 2.769962915150131291e-21 5.539925830300281842e-20
3.625000000000002220e+00 4.999999999999982236e-02 3.362579662907555486e-21 6.725159325815135046e-20
3.675000000000002487e+00 5.000000000000026645e-02 3.665230831873930057e-21 7.330461663747821595e-20
3.725000000000002309e+00 5.000000000000026645e-02 3.597957783618640853e-21 7.195915567237243187e-20
3.775000000000002576e+00 4.999999999999982236e-02 3.397469882651100770e-21 6.794939765302225615e-20
3.825000000000002398e+00 4.999999999999982236e-02 3.047242903765855967e-21 6.094485807531733600e-20
3.875000000000002665e+00 5.000000000000026645e-02 2.624172332187660164e-21 5.248344664375292642e-20
3.925000000000002487e+00 5.000000000000026645e-02 2.157035005945408925e-21 4.314070011890794980e-20
3.975000000000002753e+00 4.999999999999982236e-02 1.625713634047871196e-21 3.251427268095753827e-20
4.025000000000002132e+00 4.999999999999982236e-02 1.198617019332014954e-21 2.397234038664038333e-20
4.075000000000002842e+00 5.000000000000071054e-02 8.325443618375512137e-22 1.665088723675078654e-20
4.125000000000003553e+00 4.999999999999982236e-02 5.627671598716239222e-22 1.125534319743251907e-20
4.175000000000002487e+00 4.999999999999982236e-02 3.765351997735524258e-22 7.530703995471075600e-21
4.225000000000003197e+00 4.999999999999982236e-02 2.574470409600587227e-22 5.148940819201192511e-21
4.275000000000002132e+00 4.999999999999982236e-02 1.660435832729491647e-22 3.320871665458994954e-21
4.325000000000002842e+00 5.000000000000071054e-02 1.100537955607661039e-22 2.201075911215290857e-21
4.375000000000003553e+00 4.999999999999982236e-02 7.074979176742614832e-23 1.414995835348528044e-21
4.425000000000002487e+00 4.999999999999982236e-02 4.744656294815882179e-23 9.489312589631798212e-22
4.475000000000003197e+00 5.000000000000071054e-02 2.840848416236804421e-23 5.681696832473527968e-22
4.525000000000003908e+00 4.999999999999982236e-02 1.907685287700420075e-23 3.815370575400853786e-22
4.575000000000002842e+00 4.999999999999982236e-02 1.134788402846184841e-23 2.269576805692377676e-22
4.625000000000003553e+00 4.999999999999982236e-02 7.896989910467186084e-24 1.579397982093442859e-22
4.675000000000002487e+00 4.999999999999982236e-02 6.333101564859118136e-24 1.266620312971828094e-22
4.725000000000003197e+00 5.000000000000071054e-02 3.864484424271176169e-24 7.728968848542243016e-23
4.775000000000003908e+00 4.999999999999982236e-02 3.218249570714123298e-24 6.436499141428268929e-23
4.825000000000002842e+00 4.999999999999982236e-02 1.757758801675183809e-24 3.515517603350379961e-23
4.875000000000003553e+00 5.000000000000071054e-02 8.659547037664508471e-25 1.731909407532877009e-23
4.925000000000004263e+00 4.999999999999982236e-02 9.693522803355793065e-25 1.938704560671165372e-23
4.975000000000003197e+00 4.999999999999982236e-02 7.884065213396045026e-25 1.576813042679214589e-23
5.025000000000003908e+00 4.999999999999982236e-02 2.584939414228211484e-25 5.169878828456441335e-24
5.075000000000002842e+00 4.999999999999982236e-02 2.843433355651032632e-25 5.686866711302085836e-24
5.125000000000003553e+00 5.000000000000071054e-02 2.584939414228211484e-25 5.169878828456349500e-24
5.175000000000004263e+00 4.999999999999982236e-02 1.809457589959748039e-25 3.618915179919509302e-24
5.225000000000003197e+00 4.999999999999982236e-02 2.455692443516800910e-25 4.911384887033619452e-24
5.275000000000003908e+00 5.000000000000071054e-02 1.163222736402695168e-25 2.326445472805357275e-24
5.325000000000004619e+00 4.999999999999982236e-02 3.877409121342317226e-26 7.754818242684662003e-25
5.375000000000003553e+00 4.999999999999982236e-02 0.000000000000000000e+00 0.000000000000000000e+00
5.425000000000004263e+00 4.999999999999982236e-02 0.000000000000000000e+00 0.000000000000000000e+00
5.475000000000003197e+00 4.999999999999982236e-02 0.000000000000000000e+00 0.000000000000000000e+00
5.525000000000003908e+00 5.000000000000071054e-02 6.462348535570528710e-26 1.292469707114087375e-24
5.575000000000004619e+00 4.999999999999982236e-02 0.000000000000000000e+00 0.000000000000000000e+00
5.625000000000003553e+00 4.999999999999982236e-02 0.000000000000000000e+00 0.000000000000000000e+00
5.675000000000004263e+00 5.000000000000071054e-02 0.000000000000000000e+00 0.000000000000000000e+00
5.725000000000004974e+00 4.999999999999982236e-02 3.877409121342317226e-26 7.754818242684662003e-25
5.775000000000003908e+00 4.999999999999982236e-02 0.000000000000000000e+00 0.000000000000000000e+00
5.825000000000004619e+00 4.999999999999982236e-02 0.000000000000000000e+00 0.000000000000000000e+00
5.875000000000003553e+00 4.999999999999982236e-02 0.000000000000000000e+00 0.000000000000000000e+00
5.925000000000004263e+00 5.000000000000071054e-02 0.000000000000000000e+00 0.000000000000000000e+00
5.975000000000004974e+00 4.999999999999982236e-02 0.000000000000000000e+00 0.000000000000000000e+00
6.025000000000003908e+00 4.999999999999982236e-02 0.000000000000000000e+00 0.000000000000000000e+00
6.075000000000004619e+00 5.000000000000071054e-02 0.000000000000000000e+00 0.000000000000000000e+00
6.125000000000005329e+00 4.999999999999982236e-02 0.000000000000000000e+00 0.000000000000000000e+00
6.175000000000004263e+00 4.999999999999982236e-02 0.000000000000000000e+00 0.000000000000000000e+00
6.225000000000004974e+00 4.999999999999982236e-02 0.000000000000000000e+00 0.000000000000000000e+00
6.275000000000003908e+00 4.999999999999982236e-02 0.000000000000000000e+00 0.000000000000000000e+00
6.325000000000004619e+00 5.000000000000071054e-02 0.000000000000000000e+00 0.000000000000000000e+00
6.375000000000005329e+00 4.999999999999982236e-02 0.000000000000000000e+00 0.000000000000000000e+00
6.425000000000004263e+00 4.999999999999982236e-02 0.000000000000000000e+00 0.000000000000000000e+00
6.475000000000004974e+00 5.000000000000071054e-02 0.000000000000000000e+00 0.000000000000000000e+00
6.525000000000005684e+00 4.999999999999982236e-02 0.000000000000000000e+00 0.000000000000000000e+00
6.575000000000004619e+00 4.999999999999982236e-02 0.000000000000000000e+00 0.000000000000000000e+00
6.625000000000005329e+00 4.999999999999982236e-02 0.000000000000000000e+00 0.000000000000000000e+00
6.675000000000004263e+00 4.999999999999982236e-02 0.000000000000000000e+00 0.000000000000000000e+00
6.725000000000004974e+00 5.000000000000071054e-02 0.000000000000000000e+00 0.000000000000000000e+00
6.775000000000005684e+00 4.999999999999982236e-02 0.000000000000000000e+00 0.000000000000000000e+00
6.825000000000004619e+00 4.999999999999982236e-02 0.000000000000000000e+00 0.000000000000000000e+00
6.875000000000005329e+00 5.000000000000071054e-02 0.000000000000000000e+00 0.000000000000000000e+00
6.925000000000006040e+00 4.999999999999982236e-02 0.000000000000000000e+00 0.000000000000000000e+00
