# [0] log10 R / pc, [1] Bin width log10 R / pc, [2] dN/dV (pc^-3), [3] dN/dVlogM (pc^-3 log10 R/pc)
1.024999999999999911e+00 5.000000000000004441e-02 0.000000000000000000e+00 0.000000000000000000e+00
1.075000000000000178e+00 5.000000000000004441e-02 0.000000000000000000e+00 0.000000000000000000e+00
1.125000000000000000e+00 5.000000000000004441e-02 0.000000000000000000e+00 0.000000000000000000e+00
1.175000000000000266e+00 5.000000000000004441e-02 0.000000000000000000e+00 0.000000000000000000e+00
1.225000000000000089e+00 5.000000000000004441e-02 0.000000000000000000e+00 0.000000000000000000e+00
1.275000000000000355e+00 5.000000000000004441e-02 1.447566071967798431e-24 2.895132143935594511e-23
1.325000000000000178e+00 5.000000000000004441e-02 1.550963648536926890e-24 3.101927297073850842e-23
1.375000000000000444e+00 5.000000000000004441e-02 7.237830359838992155e-25 1.447566071967797256e-23
1.425000000000000266e+00 5.000000000000004441e-02 2.171349107951697647e-24 4.342698215903391179e-23
1.475000000000000533e+00 5.000000000000004441e-02 4.446095792472523752e-24 8.892191584945039276e-23
1.525000000000000355e+00 5.000000000000004441e-02 3.618915179919496078e-24 7.237830359838986278e-23
1.575000000000000622e+00 5.000000000000004441e-02 4.446095792472523752e-24 8.892191584945039276e-23
1.625000000000000444e+00 5.000000000000004441e-02 3.722312756488624537e-24 7.444625512977242021e-23
1.675000000000000711e+00 5.000000000000004441e-02 6.617444900424221399e-24 1.323488980084843104e-22
1.725000000000000533e+00 5.000000000000004441e-02 1.550963648536926890e-23 3.101927297073850960e-22
1.775000000000000799e+00 5.000000000000004441e-02 1.323488980084844280e-23 2.646977960169686209e-22
1.825000000000000622e+00 5.000000000000004441e-02 2.274746684520826106e-23 4.549493369041648450e-22
1.875000000000000888e+00 5.000000000000004441e-02 2.584939414228211484e-23 5.169878828456418266e-22
1.925000000000000711e+00 5.000000000000004441e-02 2.212708138579349030e-23 4.425416277158694299e-22
1.975000000000000977e+00 5.000000000000004441e-02 2.646977960169688560e-23 5.293955920339372417e-22
2.025000000000000799e+00 4.999999999999982236e-02 2.357464745776128873e-23 4.714929491552274674e-22
2.075000000000001066e+00 5.000000000000026645e-02 2.140329834980959109e-23 4.280659669961895648e-22
2.125000000000000888e+00 5.000000000000026645e-02 1.912855166528876498e-23 3.825710333057732778e-22
2.175000000000001155e+00 4.999999999999982236e-02 2.140329834980959109e-23 4.280659669961933264e-22
2.225000000000000977e+00 4.999999999999982236e-02 2.584939414228211484e-23 5.169878828456441776e-22
2.275000000000001243e+00 5.000000000000026645e-02 3.081247781760028089e-23 6.162495563520023264e-22
2.325000000000001066e+00 5.000000000000026645e-02 3.319062207869023545e-23 6.638124415738011356e-22
2.375000000000001332e+00 4.999999999999982236e-02 4.859686098749037590e-23 9.719372197498109034e-22
2.425000000000001155e+00 4.999999999999982236e-02 5.092330646029576623e-23 1.018466129205918898e-21
2.475000000000001421e+00 5.000000000000026645e-02 9.429858983104515494e-23 1.885971796620892942e-21
2.525000000000001243e+00 5.000000000000026645e-02 1.656946164520283561e-22 3.313892329040549443e-21
2.575000000000001510e+00 4.999999999999982236e-02 2.291290296771886659e-22 4.582580593543789870e-21
2.625000000000001332e+00 4.999999999999982236e-02 2.953551774697154442e-22 5.907103549394329948e-21
2.675000000000001599e+00 5.000000000000026645e-02 3.691810471400731641e-22 7.383620942801424162e-21
2.725000000000001421e+00 5.000000000000026645e-02 4.213968233074830361e-22 8.427936466149615583e-21
2.775000000000001688e+00 4.999999999999982236e-02 4.538636623501893724e-22 9.077273247003819044e-21
2.825000000000001510e+00 4.999999999999982236e-02 4.781103940556499961e-22 9.562207881113034528e-21
2.875000000000001776e+00 5.000000000000026645e-02 4.942404160004340357e-22 9.884808320008628053e-21
2.925000000000001599e+00 5.000000000000026645e-02 5.392700605962894798e-22 1.078540121192573242e-20
2.975000000000001865e+00 4.999999999999982236e-02 7.065673394851393270e-22 1.413134678970283770e-20
3.025000000000001688e+00 4.999999999999982236e-02 8.500831757630896286e-22 1.700166351526185276e-20
3.075000000000001954e+00 5.000000000000026645e-02 1.116900622099725618e-21 2.233801244199439199e-20
3.125000000000001776e+00 5.000000000000026645e-02 1.491768535951100847e-21 2.983537071902186047e-20
3.175000000000002043e+00 4.999999999999982236e-02 2.100418370425275523e-21 4.200836740850566093e-20
3.225000000000001865e+00 4.999999999999982236e-02 3.059534290680511112e-21 6.119068581361043892e-20
3.275000000000002132e+00 5.000000000000026645e-02 4.902027406354095694e-21 9.804054812708139629e-20
3.325000000000001954e+00 5.000000000000026645e-02 7.369352077234923555e-21 1.473870415446976767e-19
3.375000000000002220e+00 4.999999999999982236e-02 9.815066654612803569e-21 1.963013330922567695e-19
3.425000000000002043e+00 4.999999999999982236e-02 1.201273044580134441e-20 2.402546089160277548e-19
3.475000000000002309e+00 5.000000000000026645e-02 1.372411543438527410e-20 2.744823086877040376e-19
3.525000000000002132e+00 5.000000000000026645e-02 1.446687192566960839e-20 2.893374385133906271e-19
3.575000000000002398e+00 4.999999999999982236e-02 1.410937480468184674e-20 2.821874960936379460e-19
3.625000000000002220e+00 4.999999999999982236e-02 1.271112937673752259e-20 2.542225875347513666e-19
3.675000000000002487e+00 5.000000000000026645e-02 1.034270448784506610e-20 2.068540897569002145e-19
3.725000000000002309e+00 5.000000000000026645e-02 7.686058854266164026e-21 1.537211770853224620e-19
3.775000000000002576e+00 4.999999999999982236e-02 5.338933866146947999e-21 1.067786773229393452e-19
3.825000000000002398e+00 4.999999999999982236e-02 3.649572561372242666e-21 7.299145122744511813e-20
3.875000000000002665e+00 5.000000000000026645e-02 2.448816504674953867e-21 4.897633009349881855e-20
3.925000000000002487e+00 5.000000000000026645e-02 1.633371517062522272e-21 3.266743034125027091e-20
3.975000000000002753e+00 4.999999999999982236e-02 1.062978785918925126e-21 2.125957571837857776e-20
4.025000000000002132e+00 4.999999999999982236e-02 6.955037987922425819e-22 1.391007597584489979e-20
4.075000000000002842e+00 5.000000000000071054e-02 4.427484228690080630e-22 8.854968457380034870e-21
4.125000000000003553e+00 4.999999999999982236e-02 2.910641780420966131e-22 5.821283560841952574e-21
4.175000000000002487e+00 4.999999999999982236e-02 1.812042529373976250e-22 3.624085058747965290e-21
4.225000000000003197e+00 4.999999999999982236e-02 1.230948149055474309e-22 2.461896298110957269e-21
4.275000000000002132e+00 4.999999999999982236e-02 6.912127993646237508e-23 1.382425598729252392e-21
4.325000000000002842e+00 5.000000000000071054e-02 5.081990888372663777e-23 1.016398177674518273e-21
4.375000000000003553e+00 4.999999999999982236e-02 3.169135721843787279e-23 6.338271443687597128e-22
4.425000000000002487e+00 4.999999999999982236e-02 2.724526142596534904e-23 5.449052285193089557e-22
4.475000000000003197e+00 5.000000000000071054e-02 1.173562494059608014e-23 2.347124988119182643e-22
4.525000000000003908e+00 4.999999999999982236e-02 1.106354069289674515e-23 2.212708138579357024e-22
4.575000000000002842e+00 4.999999999999982236e-02 5.893661864440322183e-24 1.178732372888068668e-22
4.625000000000003553e+00 4.999999999999982236e-02 5.841963076155757954e-24 1.168392615231155823e-22
4.675000000000002487e+00 4.999999999999982236e-02 5.169878828456422968e-24 1.033975765691288238e-22
4.725000000000003197e+00 5.000000000000071054e-02 1.550963648536926890e-24 3.101927297073809700e-23
4.775000000000003908e+00 4.999999999999982236e-02 0.000000000000000000e+00 0.000000000000000000e+00
4.825000000000002842e+00 4.999999999999982236e-02 3.618915179919496078e-24 7.237830359839018016e-23
4.875000000000003553e+00 5.000000000000071054e-02 7.237830359838992155e-25 1.447566071967777860e-23
4.925000000000004263e+00 4.999999999999982236e-02 7.237830359838992155e-25 1.447566071967803721e-23
4.975000000000003197e+00 4.999999999999982236e-02 0.000000000000000000e+00 0.000000000000000000e+00
5.025000000000003908e+00 4.999999999999982236e-02 0.000000000000000000e+00 0.000000000000000000e+00
5.075000000000002842e+00 4.999999999999982236e-02 7.237830359838992155e-25 1.447566071967803721e-23
5.125000000000003553e+00 5.000000000000071054e-02 7.237830359838992155e-25 1.447566071967777860e-23
5.175000000000004263e+00 4.999999999999982236e-02 0.000000000000000000e+00 0.000000000000000000e+00
5.225000000000003197e+00 4.999999999999982236e-02 0.000000000000000000e+00 0.000000000000000000e+00
5.275000000000003908e+00 5.000000000000071054e-02 0.000000000000000000e+00 0.000000000000000000e+00
5.325000000000004619e+00 4.999999999999982236e-02 0.000000000000000000e+00 0.000000000000000000e+00
5.375000000000003553e+00 4.999999999999982236e-02 0.000000000000000000e+00 0.000000000000000000e+00
5.425000000000004263e+00 4.999999999999982236e-02 0.000000000000000000e+00 0.000000000000000000e+00
5.475000000000003197e+00 4.999999999999982236e-02 0.000000000000000000e+00 0.000000000000000000e+00
5.525000000000003908e+00 5.000000000000071054e-02 0.000000000000000000e+00 0.000000000000000000e+00
5.575000000000004619e+00 4.999999999999982236e-02 0.000000000000000000e+00 0.000000000000000000e+00
5.625000000000003553e+00 4.999999999999982236e-02 0.000000000000000000e+00 0.000000000000000000e+00
5.675000000000004263e+00 5.000000000000071054e-02 0.000000000000000000e+00 0.000000000000000000e+00
5.725000000000004974e+00 4.999999999999982236e-02 0.000000000000000000e+00 0.000000000000000000e+00
5.775000000000003908e+00 4.999999999999982236e-02 0.000000000000000000e+00 0.000000000000000000e+00
5.825000000000004619e+00 4.999999999999982236e-02 0.000000000000000000e+00 0.000000000000000000e+00
5.875000000000003553e+00 4.999999999999982236e-02 0.000000000000000000e+00 0.000000000000000000e+00
5.925000000000004263e+00 5.000000000000071054e-02 0.000000000000000000e+00 0.000000000000000000e+00
5.975000000000004974e+00 4.999999999999982236e-02 0.000000000000000000e+00 0.000000000000000000e+00
6.025000000000003908e+00 4.999999999999982236e-02 0.000000000000000000e+00 0.000000000000000000e+00
6.075000000000004619e+00 5.000000000000071054e-02 0.000000000000000000e+00 0.000000000000000000e+00
6.125000000000005329e+00 4.999999999999982236e-02 0.000000000000000000e+00 0.000000000000000000e+00
6.175000000000004263e+00 4.999999999999982236e-02 0.000000000000000000e+00 0.000000000000000000e+00
6.225000000000004974e+00 4.999999999999982236e-02 0.000000000000000000e+00 0.000000000000000000e+00
6.275000000000003908e+00 4.999999999999982236e-02 0.000000000000000000e+00 0.000000000000000000e+00
6.325000000000004619e+00 5.000000000000071054e-02 0.000000000000000000e+00 0.000000000000000000e+00
6.375000000000005329e+00 4.999999999999982236e-02 0.000000000000000000e+00 0.000000000000000000e+00
6.425000000000004263e+00 4.999999999999982236e-02 0.000000000000000000e+00 0.000000000000000000e+00
6.475000000000004974e+00 5.000000000000071054e-02 0.000000000000000000e+00 0.000000000000000000e+00
6.525000000000005684e+00 4.999999999999982236e-02 0.000000000000000000e+00 0.000000000000000000e+00
6.575000000000004619e+00 4.999999999999982236e-02 0.000000000000000000e+00 0.000000000000000000e+00
6.625000000000005329e+00 4.999999999999982236e-02 0.000000000000000000e+00 0.000000000000000000e+00
6.675000000000004263e+00 4.999999999999982236e-02 0.000000000000000000e+00 0.000000000000000000e+00
6.725000000000004974e+00 5.000000000000071054e-02 0.000000000000000000e+00 0.000000000000000000e+00
6.775000000000005684e+00 4.999999999999982236e-02 0.000000000000000000e+00 0.000000000000000000e+00
6.825000000000004619e+00 4.999999999999982236e-02 0.000000000000000000e+00 0.000000000000000000e+00
6.875000000000005329e+00 5.000000000000071054e-02 0.000000000000000000e+00 0.000000000000000000e+00
6.925000000000006040e+00 4.999999999999982236e-02 0.000000000000000000e+00 0.000000000000000000e+00
