# [0] log10 R / pc, [1] Bin width log10 R / pc, [2] dN/dV (pc^-3), [3] dN/dVlogM (pc^-3 log10 R/pc)
1.024999999999999911e+00 5.000000000000004441e-02 0.000000000000000000e+00 0.000000000000000000e+00
1.075000000000000178e+00 5.000000000000004441e-02 0.000000000000000000e+00 0.000000000000000000e+00
1.125000000000000000e+00 5.000000000000004441e-02 0.000000000000000000e+00 0.000000000000000000e+00
1.175000000000000266e+00 5.000000000000004441e-02 0.000000000000000000e+00 0.000000000000000000e+00
1.225000000000000089e+00 5.000000000000004441e-02 0.000000000000000000e+00 0.000000000000000000e+00
1.275000000000000355e+00 5.000000000000004441e-02 0.000000000000000000e+00 0.000000000000000000e+00
1.325000000000000178e+00 5.000000000000004441e-02 0.000000000000000000e+00 0.000000000000000000e+00
1.375000000000000444e+00 5.000000000000004441e-02 0.000000000000000000e+00 0.000000000000000000e+00
1.425000000000000266e+00 5.000000000000004441e-02 0.000000000000000000e+00 0.000000000000000000e+00
1.475000000000000533e+00 5.000000000000004441e-02 0.000000000000000000e+00 0.000000000000000000e+00
1.525000000000000355e+00 5.000000000000004441e-02 0.000000000000000000e+00 0.000000000000000000e+00
1.575000000000000622e+00 5.000000000000004441e-02 0.000000000000000000e+00 0.000000000000000000e+00
1.625000000000000444e+00 5.000000000000004441e-02 0.000000000000000000e+00 0.000000000000000000e+00
1.675000000000000711e+00 5.000000000000004441e-02 0.000000000000000000e+00 0.000000000000000000e+00
1.725000000000000533e+00 5.000000000000004441e-02 0.000000000000000000e+00 0.000000000000000000e+00
1.775000000000000799e+00 5.000000000000004441e-02 0.000000000000000000e+00 0.000000000000000000e+00
1.825000000000000622e+00 5.000000000000004441e-02 0.000000000000000000e+00 0.000000000000000000e+00
1.875000000000000888e+00 5.000000000000004441e-02 0.000000000000000000e+00 0.000000000000000000e+00
1.925000000000000711e+00 5.000000000000004441e-02 0.000000000000000000e+00 0.000000000000000000e+00
1.975000000000000977e+00 5.000000000000004441e-02 0.000000000000000000e+00 0.000000000000000000e+00
2.025000000000000799e+00 4.999999999999982236e-02 0.000000000000000000e+00 0.000000000000000000e+00
2.075000000000001066e+00 5.000000000000026645e-02 0.000000000000000000e+00 0.000000000000000000e+00
2.125000000000000888e+00 5.000000000000026645e-02 0.000000000000000000e+00 0.000000000000000000e+00
2.175000000000001155e+00 4.999999999999982236e-02 0.000000000000000000e+00 0.000000000000000000e+00
2.225000000000000977e+00 4.999999999999982236e-02 0.000000000000000000e+00 0.000000000000000000e+00
2.275000000000001243e+00 5.000000000000026645e-02 0.000000000000000000e+00 0.000000000000000000e+00
2.325000000000001066e+00 5.000000000000026645e-02 0.000000000000000000e+00 0.000000000000000000e+00
2.375000000000001332e+00 4.999999999999982236e-02 0.000000000000000000e+00 0.000000000000000000e+00
2.425000000000001155e+00 4.999999999999982236e-02 0.000000000000000000e+00 0.000000000000000000e+00
2.475000000000001421e+00 5.000000000000026645e-02 0.000000000000000000e+00 0.000000000000000000e+00
2.525000000000001243e+00 5.000000000000026645e-02 0.000000000000000000e+00 0.000000000000000000e+00
2.575000000000001510e+00 4.999999999999982236e-02 0.000000000000000000e+00 0.000000000000000000e+00
2.625000000000001332e+00 4.999999999999982236e-02 0.000000000000000000e+00 0.000000000000000000e+00
2.675000000000001599e+00 5.000000000000026645e-02 0.000000000000000000e+00 0.000000000000000000e+00
2.725000000000001421e+00 5.000000000000026645e-02 0.000000000000000000e+00 0.000000000000000000e+00
2.775000000000001688e+00 4.999999999999982236e-02 0.000000000000000000e+00 0.000000000000000000e+00
2.825000000000001510e+00 4.999999999999982236e-02 0.000000000000000000e+00 0.000000000000000000e+00
2.875000000000001776e+00 5.000000000000026645e-02 0.000000000000000000e+00 0.000000000000000000e+00
2.925000000000001599e+00 5.000000000000026645e-02 0.000000000000000000e+00 0.000000000000000000e+00
2.975000000000001865e+00 4.999999999999982236e-02 0.000000000000000000e+00 0.000000000000000000e+00
3.025000000000001688e+00 4.999999999999982236e-02 0.000000000000000000e+00 0.000000000000000000e+00
3.075000000000001954e+00 5.000000000000026645e-02 0.000000000000000000e+00 0.000000000000000000e+00
3.125000000000001776e+00 5.000000000000026645e-02 0.000000000000000000e+00 0.000000000000000000e+00
3.175000000000002043e+00 4.999999999999982236e-02 0.000000000000000000e+00 0.000000000000000000e+00
3.225000000000001865e+00 4.999999999999982236e-02 0.000000000000000000e+00 0.000000000000000000e+00
3.275000000000002132e+00 5.000000000000026645e-02 0.000000000000000000e+00 0.000000000000000000e+00
3.325000000000001954e+00 5.000000000000026645e-02 0.000000000000000000e+00 0.000000000000000000e+00
3.375000000000002220e+00 4.999999999999982236e-02 0.000000000000000000e+00 0.000000000000000000e+00
3.425000000000002043e+00 4.999999999999982236e-02 0.000000000000000000e+00 0.000000000000000000e+00
3.475000000000002309e+00 5.000000000000026645e-02 0.000000000000000000e+00 0.000000000000000000e+00
3.525000000000002132e+00 5.000000000000026645e-02 0.000000000000000000e+00 0.000000000000000000e+00
3.575000000000002398e+00 4.999999999999982236e-02 0.000000000000000000e+00 0.000000000000000000e+00
3.625000000000002220e+00 4.999999999999982236e-02 0.000000000000000000e+00 0.000000000000000000e+00
3.675000000000002487e+00 5.000000000000026645e-02 0.000000000000000000e+00 0.000000000000000000e+00
3.725000000000002309e+00 5.000000000000026645e-02 0.000000000000000000e+00 0.000000000000000000e+00
3.775000000000002576e+00 4.999999999999982236e-02 0.000000000000000000e+00 0.000000000000000000e+00
3.825000000000002398e+00 4.999999999999982236e-02 6.630773494278835614e-24 1.326154698855771825e-22
3.875000000000002665e+00 5.000000000000026645e-02 1.768340897402180550e-23 3.536681794804342292e-22
3.925000000000002487e+00 5.000000000000026645e-02 2.947234829003634250e-23 5.894469658007237466e-22
3.975000000000002753e+00 4.999999999999982236e-02 6.189193140907631925e-23 1.237838628181530711e-21
4.025000000000002132e+00 4.999999999999982236e-02 1.657822620540420314e-22 3.315645241080852289e-21
4.075000000000002842e+00 5.000000000000071054e-02 4.899772854508748526e-22 9.799545709017357121e-21
4.125000000000003553e+00 4.999999999999982236e-02 8.156469360041681738e-22 1.631293872008342065e-20
4.175000000000002487e+00 4.999999999999982236e-02 1.234891393352522751e-21 2.469782786705054228e-20
4.225000000000003197e+00 4.999999999999982236e-02 2.281158545958462490e-21 4.562317091916941230e-20
4.275000000000002132e+00 4.999999999999982236e-02 5.866113680426751966e-21 1.173222736085354486e-19
4.325000000000002842e+00 5.000000000000071054e-02 2.132629462024686656e-20 4.265258924049312645e-19
4.375000000000003553e+00 4.999999999999982236e-02 9.934732547385377277e-20 1.986946509477082389e-18
4.425000000000002487e+00 4.999999999999982236e-02 8.927726747072442728e-20 1.785545349414494709e-18
4.475000000000003197e+00 5.000000000000071054e-02 6.671485643818076388e-20 1.334297128763596404e-18
4.525000000000003908e+00 4.999999999999982236e-02 4.899483825970495134e-20 9.798967651941024934e-19
4.575000000000002842e+00 4.999999999999982236e-02 3.559482252907561039e-20 7.118964505815147115e-19
4.625000000000003553e+00 4.999999999999982236e-02 2.691935226461945614e-20 5.383870452923910487e-19
4.675000000000002487e+00 4.999999999999982236e-02 2.072666460874121445e-20 4.145332921748257816e-19
4.725000000000003197e+00 5.000000000000071054e-02 1.483145178065235534e-20 2.966290356130428697e-19
4.775000000000003908e+00 4.999999999999982236e-02 1.053047448689460338e-20 2.106094897378928139e-19
4.825000000000002842e+00 4.999999999999982236e-02 7.849633820398525249e-21 1.569926764079710587e-19
4.875000000000003553e+00 5.000000000000071054e-02 5.917960294934067371e-21 1.183592058986796622e-19
4.925000000000004263e+00 4.999999999999982236e-02 4.651598475903666565e-21 9.303196951807365631e-20
4.975000000000003197e+00 4.999999999999982236e-02 3.615761553834137660e-21 7.231523107668300597e-20
5.025000000000003908e+00 4.999999999999982236e-02 2.706638361850075681e-21 5.413276723700170621e-20
5.075000000000002842e+00 4.999999999999982236e-02 2.010462478810133764e-21 4.020924957620281972e-20
5.125000000000003553e+00 5.000000000000071054e-02 1.425542388158574069e-21 2.851084776317107814e-20
5.175000000000004263e+00 4.999999999999982236e-02 1.115401357239473255e-21 2.230802714478954335e-20
5.225000000000003197e+00 4.999999999999982236e-02 8.464642605831701325e-22 1.692928521166346284e-20
5.275000000000003908e+00 5.000000000000071054e-02 6.041003411051330238e-22 1.208200682210248895e-20
5.325000000000004619e+00 4.999999999999982236e-02 4.906215008205145397e-22 9.812430016410325400e-21
5.375000000000003553e+00 4.999999999999982236e-02 3.499490978982152707e-22 6.998981957964330993e-21
5.425000000000004263e+00 4.999999999999982236e-02 2.394170885458169476e-22 4.788341770916356256e-21
5.475000000000003197e+00 4.999999999999982236e-02 1.443947156787878935e-22 2.887894313575768026e-21
5.525000000000003908e+00 5.000000000000071054e-02 1.157018881808547460e-22 2.314037763617062195e-21
5.575000000000004619e+00 4.999999999999982236e-02 9.279932497079279227e-23 1.855986499415862616e-21
5.625000000000003553e+00 4.999999999999982236e-02 6.188344957662338293e-23 1.237668991532471984e-21
5.675000000000004263e+00 5.000000000000071054e-02 3.903258515484599341e-23 7.806517030969087715e-22
5.725000000000004974e+00 4.999999999999982236e-02 3.313892329040567122e-23 6.627784658081157755e-22
5.775000000000003908e+00 4.999999999999982236e-02 2.140329834980959109e-23 4.280659669961933264e-22
5.825000000000004619e+00 4.999999999999982236e-02 1.106354069289674515e-23 2.212708138579357024e-22
5.875000000000003553e+00 4.999999999999982236e-02 1.028805886862828171e-23 2.057611773725663629e-22
5.925000000000004263e+00 5.000000000000071054e-02 1.178732372888064437e-23 2.357464745776095489e-22
5.975000000000004974e+00 4.999999999999982236e-02 6.617444900424221399e-24 1.323488980084848982e-22
6.025000000000003908e+00 4.999999999999982236e-02 2.223047896236261876e-24 4.446095792472539622e-23
6.075000000000004619e+00 5.000000000000071054e-02 4.446095792472523752e-24 8.892191584944921727e-23
6.125000000000005329e+00 4.999999999999982236e-02 7.237830359838992155e-25 1.447566071967803721e-23
6.175000000000004263e+00 4.999999999999982236e-02 2.171349107951697647e-24 4.342698215903410575e-23
6.225000000000004974e+00 4.999999999999982236e-02 0.000000000000000000e+00 0.000000000000000000e+00
6.275000000000003908e+00 4.999999999999982236e-02 0.000000000000000000e+00 0.000000000000000000e+00
6.325000000000004619e+00 5.000000000000071054e-02 0.000000000000000000e+00 0.000000000000000000e+00
6.375000000000005329e+00 4.999999999999982236e-02 0.000000000000000000e+00 0.000000000000000000e+00
6.425000000000004263e+00 4.999999999999982236e-02 0.000000000000000000e+00 0.000000000000000000e+00
6.475000000000004974e+00 5.000000000000071054e-02 0.000000000000000000e+00 0.000000000000000000e+00
6.525000000000005684e+00 4.999999999999982236e-02 0.000000000000000000e+00 0.000000000000000000e+00
6.575000000000004619e+00 4.999999999999982236e-02 0.000000000000000000e+00 0.000000000000000000e+00
6.625000000000005329e+00 4.999999999999982236e-02 0.000000000000000000e+00 0.000000000000000000e+00
6.675000000000004263e+00 4.999999999999982236e-02 0.000000000000000000e+00 0.000000000000000000e+00
6.725000000000004974e+00 5.000000000000071054e-02 0.000000000000000000e+00 0.000000000000000000e+00
6.775000000000005684e+00 4.999999999999982236e-02 0.000000000000000000e+00 0.000000000000000000e+00
6.825000000000004619e+00 4.999999999999982236e-02 0.000000000000000000e+00 0.000000000000000000e+00
6.875000000000005329e+00 5.000000000000071054e-02 0.000000000000000000e+00 0.000000000000000000e+00
6.925000000000006040e+00 4.999999999999982236e-02 0.000000000000000000e+00 0.000000000000000000e+00
