# [0] log10 Mass / Msun, [1] Bin width log10 Mass / Msun, [2] dN/dV (pc^-3), [3] dN/dVlogM (pc^-3 log10 Mass/Msun)
5.025000000000000355e+00 4.999999999999982236e-02 0.000000000000000000e+00 0.000000000000000000e+00
5.074999999999999289e+00 4.999999999999982236e-02 0.000000000000000000e+00 0.000000000000000000e+00
5.125000000000000000e+00 4.999999999999982236e-02 0.000000000000000000e+00 0.000000000000000000e+00
5.174999999999998934e+00 4.999999999999982236e-02 0.000000000000000000e+00 0.000000000000000000e+00
5.224999999999999645e+00 4.999999999999982236e-02 0.000000000000000000e+00 0.000000000000000000e+00
5.274999999999998579e+00 4.999999999999982236e-02 0.000000000000000000e+00 0.000000000000000000e+00
5.324999999999999289e+00 4.999999999999982236e-02 0.000000000000000000e+00 0.000000000000000000e+00
5.374999999999998224e+00 4.999999999999982236e-02 0.000000000000000000e+00 0.000000000000000000e+00
5.424999999999998934e+00 4.999999999999982236e-02 0.000000000000000000e+00 0.000000000000000000e+00
5.474999999999997868e+00 4.999999999999982236e-02 0.000000000000000000e+00 0.000000000000000000e+00
5.524999999999998579e+00 4.999999999999982236e-02 0.000000000000000000e+00 0.000000000000000000e+00
5.574999999999997513e+00 4.999999999999982236e-02 0.000000000000000000e+00 0.000000000000000000e+00
5.624999999999998224e+00 4.999999999999982236e-02 0.000000000000000000e+00 0.000000000000000000e+00
5.674999999999997158e+00 4.999999999999982236e-02 0.000000000000000000e+00 0.000000000000000000e+00
5.724999999999997868e+00 4.999999999999982236e-02 0.000000000000000000e+00 0.000000000000000000e+00
5.774999999999996803e+00 4.999999999999982236e-02 0.000000000000000000e+00 0.000000000000000000e+00
5.824999999999997513e+00 4.999999999999982236e-02 2.947214713050551114e-24 5.894429426101123387e-23
5.874999999999996447e+00 4.999999999999982236e-02 5.894429031670649617e-24 1.178885806334134155e-22
5.924999999999997158e+00 4.999999999999982236e-02 1.031525327061396565e-23 2.063050654122800417e-22
5.974999999999996092e+00 4.999999999999982236e-02 2.431452010076807571e-23 4.862904020153632068e-22
6.024999999999996803e+00 4.999999999999982236e-02 3.315613307991397282e-23 6.631226615982818074e-22
6.074999999999995737e+00 4.999999999999982236e-02 3.315611414725224751e-23 6.631222829450473013e-22
6.124999999999996447e+00 4.999999999999982236e-02 6.115469356149297045e-23 1.223093871229863735e-21
6.174999999999995381e+00 4.999999999999982236e-02 5.673404326637925566e-23 1.134680865327589063e-21
6.224999999999996092e+00 4.999999999999982236e-02 7.589109489845184535e-23 1.517821897969042361e-21
6.274999999999995026e+00 4.999999999999982236e-02 6.041828875102553505e-23 1.208365775020515027e-21
6.324999999999995737e+00 4.999999999999982236e-02 8.104895779759994187e-23 1.620979155952004668e-21
6.374999999999994671e+00 4.999999999999982236e-02 1.127317322093890101e-22 2.254634644187788100e-21
6.424999999999995381e+00 4.999999999999982236e-02 9.431151452811629599e-23 1.886230290562332691e-21
6.474999999999994316e+00 4.999999999999982236e-02 5.968150528732359356e-23 1.193630105746476197e-21
6.524999999999995026e+00 4.999999999999982236e-02 1.038900277223781073e-22 2.077800554447569669e-21
6.574999999999993960e+00 4.999999999999982236e-02 1.083108799658835587e-22 2.166217599317678697e-21
6.624999999999994671e+00 4.999999999999982236e-02 1.149421583311417357e-22 2.298843166622842990e-21
6.674999999999993605e+00 4.999999999999982236e-02 1.326255673051635412e-22 2.652511346103280229e-21
6.724999999999994316e+00 4.999999999999982236e-02 1.318887585979126327e-22 2.637775171958262058e-21
6.774999999999993250e+00 4.999999999999982236e-02 1.562034459371926152e-22 3.124068918743863590e-21
6.824999999999993960e+00 4.999999999999982236e-02 1.657818581572585583e-22 3.315637163145182826e-21
6.874999999999992895e+00 4.999999999999982236e-02 1.665187678387053351e-22 3.330375356774118363e-21
6.924999999999993605e+00 4.999999999999982236e-02 2.357787863202907400e-22 4.715575726405831351e-21
6.974999999999992539e+00 4.999999999999982236e-02 2.519885778798107284e-22 5.039771557596232623e-21
7.024999999999993250e+00 4.999999999999982236e-02 3.101963647784366365e-22 6.203927295568754547e-21
7.074999999999992184e+00 4.999999999999982236e-02 3.168279460662824184e-22 6.336558921325670938e-21
7.124999999999992895e+00 4.999999999999982236e-02 4.221828064481218017e-22 8.443656128962466126e-21
7.174999999999991829e+00 4.999999999999982236e-02 5.083448955761001878e-22 1.016689791152203987e-20
7.224999999999992539e+00 4.999999999999982236e-02 6.357787736264997555e-22 1.271557547253004025e-20
7.274999999999991473e+00 4.999999999999982236e-02 7.499684722500309978e-22 1.499936944500067412e-20
7.324999999999992184e+00 4.999999999999982236e-02 8.457408814439697065e-22 1.691481762887945431e-20
7.374999999999991118e+00 4.999999999999982236e-02 1.080013536658689040e-21 2.160027073317385904e-20
7.424999999999991829e+00 4.999999999999982236e-02 1.320180257634632169e-21 2.640360515269273667e-20
7.474999999999990763e+00 4.999999999999982236e-02 1.625177259119418842e-21 3.250354518238849119e-20
7.524999999999991473e+00 4.999999999999982236e-02 1.911757375071396455e-21 3.823514750142806752e-20
7.574999999999990408e+00 4.999999999999982236e-02 2.292634465267285329e-21 4.585268930534586909e-20
7.624999999999991118e+00 4.999999999999982236e-02 2.700033841646722600e-21 5.400067683293464460e-20
7.674999999999990052e+00 4.999999999999982236e-02 3.130271157750866120e-21 6.260542315501753906e-20
7.724999999999990763e+00 4.999999999999982236e-02 3.485365900670529424e-21 6.970731801341084126e-20
7.774999999999989697e+00 4.999999999999982236e-02 3.830143504153154379e-21 7.660287008306336443e-20
7.824999999999990408e+00 4.999999999999982236e-02 3.981905297162492675e-21 7.963810594325014239e-20
7.874999999999989342e+00 4.999999999999982236e-02 4.101988657650464240e-21 8.203977315300957368e-20
7.924999999999990052e+00 4.999999999999982236e-02 3.786677747902907003e-21 7.573355495805840487e-20
7.974999999999988987e+00 4.999999999999982236e-02 3.520726256270037464e-21 7.041452512540100207e-20
8.024999999999989697e+00 5.000000000000071054e-02 3.185524237729994140e-21 6.371048475459898002e-20
8.074999999999988631e+00 4.999999999999893419e-02 3.007977674063729434e-21 6.015955348127587665e-20
8.124999999999989342e+00 4.999999999999893419e-02 2.723608489104483889e-21 5.447216978209083334e-20
8.174999999999988276e+00 5.000000000000071054e-02 2.367041946305844397e-21 4.734083892611621386e-20
8.224999999999988987e+00 5.000000000000071054e-02 2.154870119185992798e-21 4.309740238371924208e-20
8.274999999999987921e+00 4.999999999999893419e-02 1.857240195031756528e-21 3.714480390063592501e-20
8.324999999999988631e+00 4.999999999999893419e-02 1.768098559332096655e-21 3.536197118664268542e-20
8.374999999999987566e+00 5.000000000000071054e-02 1.515407806894217841e-21 3.030815613788392349e-20
8.424999999999988276e+00 5.000000000000071054e-02 1.437316787190383572e-21 2.874633574380726219e-20
8.474999999999987210e+00 4.999999999999893419e-02 1.217041175006926531e-21 2.434082350013904821e-20
8.524999999999987921e+00 4.999999999999893419e-02 1.044651565472047107e-21 2.089303130944138751e-20
8.574999999999986855e+00 5.000000000000071054e-02 9.532998065732221132e-22 1.906599613146417143e-20
8.624999999999987566e+00 5.000000000000071054e-02 8.184822914241497432e-22 1.636964582848276315e-20
8.674999999999986500e+00 4.999999999999893419e-02 7.676494578433519644e-22 1.535298915686736730e-20
8.724999999999987210e+00 4.999999999999893419e-02 6.608268365503711248e-22 1.321653673100770386e-20
8.774999999999986144e+00 5.000000000000071054e-02 6.328319426942795944e-22 1.265663885388541133e-20
8.824999999999986855e+00 5.000000000000071054e-02 5.385333528632344395e-22 1.077066705726453532e-20
8.874999999999985789e+00 4.999999999999893419e-02 4.950675966129870634e-22 9.901351932259951917e-21
8.924999999999986500e+00 4.999999999999893419e-02 5.201156595368584327e-22 1.040231319073738983e-20
8.974999999999985434e+00 5.000000000000071054e-02 4.317107315702535999e-22 8.634214631404948619e-21
9.024999999999986144e+00 5.000000000000071054e-02 3.948753449175015863e-22 7.897506898349918878e-21
9.074999999999985079e+00 4.999999999999893419e-02 3.145742020145021965e-22 6.291484040290177843e-21
9.124999999999985789e+00 4.999999999999893419e-02 3.049970014847866730e-22 6.099940029695863611e-21
9.174999999999984723e+00 5.000000000000071054e-02 2.711084457642548204e-22 5.422168915285019673e-21
9.224999999999985434e+00 5.000000000000071054e-02 2.246958585817872832e-22 4.493917171635681718e-21
9.274999999999984368e+00 4.999999999999893419e-02 1.922807183273655112e-22 3.845614366547392227e-21
9.324999999999985079e+00 4.999999999999893419e-02 1.723896095348794239e-22 3.447792190697662204e-21
9.374999999999984013e+00 5.000000000000071054e-02 1.414478847465677324e-22 2.828957694931314399e-21
9.424999999999984723e+00 5.000000000000071054e-02 1.053492058268707590e-22 2.106984116537385088e-21
9.474999999999983658e+00 4.999999999999893419e-02 9.871883622937539657e-23 1.974376724587550061e-21
9.524999999999984368e+00 4.999999999999893419e-02 7.146065010633890647e-23 1.429213002126808598e-21
9.574999999999983302e+00 5.000000000000071054e-02 4.862271038163265801e-23 9.724542076326394305e-22
9.624999999999984013e+00 5.000000000000071054e-02 4.567587944941249692e-23 9.135175889882369610e-22
9.674999999999982947e+00 4.999999999999893419e-02 3.609867891969697337e-23 7.219735783939548900e-22
9.724999999999983658e+00 4.999999999999893419e-02 3.241514025442177201e-23 6.483028050884492640e-22
9.774999999999982592e+00 5.000000000000071054e-02 2.873160158914657064e-23 5.746320317829232314e-22
9.824999999999983302e+00 5.000000000000071054e-02 1.915440105943104710e-23 3.830880211886154876e-22
9.874999999999982236e+00 4.999999999999893419e-02 1.768098559332096655e-23 3.536197118664268542e-22
9.924999999999982947e+00 4.999999999999893419e-02 1.105061599582560409e-23 2.210123199165167839e-22
9.974999999999981881e+00 5.000000000000071054e-02 3.683538665275201365e-24 7.367077330550298110e-23
1.002499999999998259e+01 5.000000000000071054e-02 5.893661864440322183e-24 1.178732372888047745e-22
1.007499999999998153e+01 4.999999999999893419e-02 3.683538665275201365e-24 7.367077330550560246e-23
1.012499999999998224e+01 4.999999999999893419e-02 2.210123199165120819e-24 4.420246398330335677e-23
1.017499999999998117e+01 5.000000000000071054e-02 3.683538665275201365e-24 7.367077330550298110e-23
1.022499999999998188e+01 5.000000000000071054e-02 3.683538665275201365e-24 7.367077330550298110e-23
1.027499999999998082e+01 4.999999999999893419e-02 2.946830932220161092e-24 5.893661864440447961e-23
1.032499999999998153e+01 4.999999999999893419e-02 1.473415466110080546e-24 2.946830932220223981e-23
1.037499999999998046e+01 5.000000000000071054e-02 3.683538665275201365e-24 7.367077330550298110e-23
1.042499999999998117e+01 5.000000000000071054e-02 1.473415466110080546e-24 2.946830932220119362e-23
1.047499999999998010e+01 4.999999999999893419e-02 2.210123199165120819e-24 4.420246398330335677e-23
1.052499999999998082e+01 4.999999999999893419e-02 1.473415466110080546e-24 2.946830932220223981e-23
1.057499999999997975e+01 5.000000000000071054e-02 7.367077330550402729e-25 1.473415466110059681e-23
1.062499999999998046e+01 5.000000000000071054e-02 7.367077330550402729e-25 1.473415466110059681e-23
1.067499999999997939e+01 4.999999999999893419e-02 2.210123199165120819e-24 4.420246398330335677e-23
1.072499999999998010e+01 4.999999999999893419e-02 1.473415466110080546e-24 2.946830932220223981e-23
1.077499999999997904e+01 5.000000000000071054e-02 1.473415466110080546e-24 2.946830932220119362e-23
1.082499999999997975e+01 5.000000000000071054e-02 0.000000000000000000e+00 0.000000000000000000e+00
1.087499999999997868e+01 4.999999999999893419e-02 7.367077330550402729e-25 1.473415466110111990e-23
1.092499999999997939e+01 4.999999999999893419e-02 0.000000000000000000e+00 0.000000000000000000e+00
1.097499999999997833e+01 5.000000000000071054e-02 0.000000000000000000e+00 0.000000000000000000e+00
1.102499999999997904e+01 5.000000000000071054e-02 0.000000000000000000e+00 0.000000000000000000e+00
1.107499999999997797e+01 4.999999999999893419e-02 7.367077330550402729e-25 1.473415466110111990e-23
1.112499999999997868e+01 4.999999999999893419e-02 7.367077330550402729e-25 1.473415466110111990e-23
1.117499999999997762e+01 5.000000000000071054e-02 0.000000000000000000e+00 0.000000000000000000e+00
1.122499999999997833e+01 5.000000000000071054e-02 0.000000000000000000e+00 0.000000000000000000e+00
1.127499999999997726e+01 4.999999999999893419e-02 0.000000000000000000e+00 0.000000000000000000e+00
1.132499999999997797e+01 4.999999999999893419e-02 7.367077330550402729e-25 1.473415466110111990e-23
1.137499999999997691e+01 5.000000000000071054e-02 0.000000000000000000e+00 0.000000000000000000e+00
1.142499999999997762e+01 5.000000000000071054e-02 7.367077330550402729e-25 1.473415466110059681e-23
1.147499999999997655e+01 4.999999999999893419e-02 0.000000000000000000e+00 0.000000000000000000e+00
1.152499999999997726e+01 4.999999999999893419e-02 0.000000000000000000e+00 0.000000000000000000e+00
1.157499999999997620e+01 5.000000000000071054e-02 7.367077330550402729e-25 1.473415466110059681e-23
1.162499999999997691e+01 5.000000000000071054e-02 0.000000000000000000e+00 0.000000000000000000e+00
1.167499999999997584e+01 4.999999999999893419e-02 0.000000000000000000e+00 0.000000000000000000e+00
1.172499999999997655e+01 4.999999999999893419e-02 0.000000000000000000e+00 0.000000000000000000e+00
1.177499999999997549e+01 5.000000000000071054e-02 0.000000000000000000e+00 0.000000000000000000e+00
1.182499999999997620e+01 5.000000000000071054e-02 0.000000000000000000e+00 0.000000000000000000e+00
1.187499999999997513e+01 4.999999999999893419e-02 0.000000000000000000e+00 0.000000000000000000e+00
1.192499999999997584e+01 4.999999999999893419e-02 0.000000000000000000e+00 0.000000000000000000e+00
1.197499999999997478e+01 5.000000000000071054e-02 0.000000000000000000e+00 0.000000000000000000e+00
1.202499999999997549e+01 5.000000000000071054e-02 0.000000000000000000e+00 0.000000000000000000e+00
1.207499999999997442e+01 4.999999999999893419e-02 0.000000000000000000e+00 0.000000000000000000e+00
1.212499999999997513e+01 4.999999999999893419e-02 0.000000000000000000e+00 0.000000000000000000e+00
1.217499999999997407e+01 5.000000000000071054e-02 0.000000000000000000e+00 0.000000000000000000e+00
1.222499999999997478e+01 5.000000000000071054e-02 0.000000000000000000e+00 0.000000000000000000e+00
1.227499999999997371e+01 4.999999999999893419e-02 0.000000000000000000e+00 0.000000000000000000e+00
1.232499999999997442e+01 4.999999999999893419e-02 0.000000000000000000e+00 0.000000000000000000e+00
1.237499999999997335e+01 5.000000000000071054e-02 0.000000000000000000e+00 0.000000000000000000e+00
1.242499999999997407e+01 5.000000000000071054e-02 0.000000000000000000e+00 0.000000000000000000e+00
1.247499999999997300e+01 4.999999999999893419e-02 0.000000000000000000e+00 0.000000000000000000e+00
1.252499999999997371e+01 4.999999999999893419e-02 0.000000000000000000e+00 0.000000000000000000e+00
1.257499999999997264e+01 5.000000000000071054e-02 0.000000000000000000e+00 0.000000000000000000e+00
1.262499999999997335e+01 5.000000000000071054e-02 0.000000000000000000e+00 0.000000000000000000e+00
1.267499999999997229e+01 4.999999999999893419e-02 0.000000000000000000e+00 0.000000000000000000e+00
1.272499999999997300e+01 4.999999999999893419e-02 0.000000000000000000e+00 0.000000000000000000e+00
1.277499999999997193e+01 5.000000000000071054e-02 0.000000000000000000e+00 0.000000000000000000e+00
1.282499999999997264e+01 5.000000000000071054e-02 0.000000000000000000e+00 0.000000000000000000e+00
1.287499999999997158e+01 4.999999999999893419e-02 0.000000000000000000e+00 0.000000000000000000e+00
1.292499999999997229e+01 4.999999999999893419e-02 0.000000000000000000e+00 0.000000000000000000e+00
1.297499999999997122e+01 5.000000000000071054e-02 0.000000000000000000e+00 0.000000000000000000e+00
1.302499999999997193e+01 5.000000000000071054e-02 0.000000000000000000e+00 0.000000000000000000e+00
1.307499999999997087e+01 4.999999999999893419e-02 0.000000000000000000e+00 0.000000000000000000e+00
1.312499999999997158e+01 4.999999999999893419e-02 0.000000000000000000e+00 0.000000000000000000e+00
1.317499999999997051e+01 5.000000000000071054e-02 0.000000000000000000e+00 0.000000000000000000e+00
1.322499999999997122e+01 5.000000000000071054e-02 0.000000000000000000e+00 0.000000000000000000e+00
1.327499999999997016e+01 4.999999999999893419e-02 0.000000000000000000e+00 0.000000000000000000e+00
1.332499999999997087e+01 4.999999999999893419e-02 0.000000000000000000e+00 0.000000000000000000e+00
1.337499999999996980e+01 5.000000000000071054e-02 0.000000000000000000e+00 0.000000000000000000e+00
1.342499999999997051e+01 5.000000000000071054e-02 0.000000000000000000e+00 0.000000000000000000e+00
1.347499999999996945e+01 4.999999999999893419e-02 0.000000000000000000e+00 0.000000000000000000e+00
1.352499999999997016e+01 4.999999999999893419e-02 0.000000000000000000e+00 0.000000000000000000e+00
1.357499999999996909e+01 5.000000000000071054e-02 0.000000000000000000e+00 0.000000000000000000e+00
1.362499999999996980e+01 5.000000000000071054e-02 0.000000000000000000e+00 0.000000000000000000e+00
1.367499999999996874e+01 4.999999999999893419e-02 0.000000000000000000e+00 0.000000000000000000e+00
1.372499999999996945e+01 4.999999999999893419e-02 0.000000000000000000e+00 0.000000000000000000e+00
1.377499999999996838e+01 5.000000000000071054e-02 0.000000000000000000e+00 0.000000000000000000e+00
1.382499999999996909e+01 5.000000000000071054e-02 0.000000000000000000e+00 0.000000000000000000e+00
1.387499999999996803e+01 4.999999999999893419e-02 0.000000000000000000e+00 0.000000000000000000e+00
1.392499999999996874e+01 4.999999999999893419e-02 0.000000000000000000e+00 0.000000000000000000e+00
1.397499999999996767e+01 5.000000000000071054e-02 0.000000000000000000e+00 0.000000000000000000e+00
1.402499999999996838e+01 5.000000000000071054e-02 0.000000000000000000e+00 0.000000000000000000e+00
1.407499999999996732e+01 4.999999999999893419e-02 0.000000000000000000e+00 0.000000000000000000e+00
1.412499999999996803e+01 4.999999999999893419e-02 0.000000000000000000e+00 0.000000000000000000e+00
1.417499999999996696e+01 5.000000000000071054e-02 0.000000000000000000e+00 0.000000000000000000e+00
1.422499999999996767e+01 5.000000000000071054e-02 0.000000000000000000e+00 0.000000000000000000e+00
1.427499999999996660e+01 4.999999999999893419e-02 0.000000000000000000e+00 0.000000000000000000e+00
1.432499999999996732e+01 4.999999999999893419e-02 0.000000000000000000e+00 0.000000000000000000e+00
1.437499999999996625e+01 5.000000000000071054e-02 0.000000000000000000e+00 0.000000000000000000e+00
1.442499999999996696e+01 5.000000000000071054e-02 0.000000000000000000e+00 0.000000000000000000e+00
1.447499999999996589e+01 4.999999999999893419e-02 0.000000000000000000e+00 0.000000000000000000e+00
1.452499999999996660e+01 4.999999999999893419e-02 0.000000000000000000e+00 0.000000000000000000e+00
1.457499999999996554e+01 5.000000000000071054e-02 0.000000000000000000e+00 0.000000000000000000e+00
1.462499999999996625e+01 5.000000000000071054e-02 0.000000000000000000e+00 0.000000000000000000e+00
1.467499999999996518e+01 4.999999999999893419e-02 0.000000000000000000e+00 0.000000000000000000e+00
1.472499999999996589e+01 4.999999999999893419e-02 0.000000000000000000e+00 0.000000000000000000e+00
1.477499999999996483e+01 5.000000000000071054e-02 0.000000000000000000e+00 0.000000000000000000e+00
1.482499999999996554e+01 5.000000000000071054e-02 0.000000000000000000e+00 0.000000000000000000e+00
1.487499999999996447e+01 4.999999999999893419e-02 0.000000000000000000e+00 0.000000000000000000e+00
1.492499999999996518e+01 4.999999999999893419e-02 0.000000000000000000e+00 0.000000000000000000e+00
1.497499999999996412e+01 5.000000000000071054e-02 0.000000000000000000e+00 0.000000000000000000e+00
1.502499999999996483e+01 5.000000000000071054e-02 0.000000000000000000e+00 0.000000000000000000e+00
1.507499999999996376e+01 4.999999999999893419e-02 0.000000000000000000e+00 0.000000000000000000e+00
1.512499999999996447e+01 4.999999999999893419e-02 0.000000000000000000e+00 0.000000000000000000e+00
1.517499999999996341e+01 5.000000000000071054e-02 0.000000000000000000e+00 0.000000000000000000e+00
1.522499999999996412e+01 5.000000000000071054e-02 0.000000000000000000e+00 0.000000000000000000e+00
1.527499999999996305e+01 4.999999999999893419e-02 0.000000000000000000e+00 0.000000000000000000e+00
1.532499999999996376e+01 4.999999999999893419e-02 0.000000000000000000e+00 0.000000000000000000e+00
1.537499999999996270e+01 5.000000000000071054e-02 0.000000000000000000e+00 0.000000000000000000e+00
1.542499999999996341e+01 5.000000000000071054e-02 0.000000000000000000e+00 0.000000000000000000e+00
1.547499999999996234e+01 4.999999999999893419e-02 0.000000000000000000e+00 0.000000000000000000e+00
1.552499999999996305e+01 4.999999999999893419e-02 0.000000000000000000e+00 0.000000000000000000e+00
1.557499999999996199e+01 5.000000000000071054e-02 0.000000000000000000e+00 0.000000000000000000e+00
1.562499999999996270e+01 5.000000000000071054e-02 0.000000000000000000e+00 0.000000000000000000e+00
1.567499999999996163e+01 4.999999999999893419e-02 0.000000000000000000e+00 0.000000000000000000e+00
1.572499999999996234e+01 4.999999999999893419e-02 0.000000000000000000e+00 0.000000000000000000e+00
1.577499999999996128e+01 5.000000000000071054e-02 0.000000000000000000e+00 0.000000000000000000e+00
1.582499999999996199e+01 5.000000000000071054e-02 0.000000000000000000e+00 0.000000000000000000e+00
1.587499999999996092e+01 4.999999999999893419e-02 0.000000000000000000e+00 0.000000000000000000e+00
1.592499999999996163e+01 4.999999999999893419e-02 0.000000000000000000e+00 0.000000000000000000e+00
