# [0] log10 Mass / Msun, [1] Bin width log10 Mass / Msun, [2] dN/dV (pc^-3), [3] dN/dVlogM (pc^-3 log10 Mass/Msun)
5.025000000000000355e+00 4.999999999999982236e-02 0.000000000000000000e+00 0.000000000000000000e+00
5.074999999999999289e+00 4.999999999999982236e-02 0.000000000000000000e+00 0.000000000000000000e+00
5.125000000000000000e+00 4.999999999999982236e-02 0.000000000000000000e+00 0.000000000000000000e+00
5.174999999999998934e+00 4.999999999999982236e-02 0.000000000000000000e+00 0.000000000000000000e+00
5.224999999999999645e+00 4.999999999999982236e-02 0.000000000000000000e+00 0.000000000000000000e+00
5.274999999999998579e+00 4.999999999999982236e-02 0.000000000000000000e+00 0.000000000000000000e+00
5.324999999999999289e+00 4.999999999999982236e-02 0.000000000000000000e+00 0.000000000000000000e+00
5.374999999999998224e+00 4.999999999999982236e-02 0.000000000000000000e+00 0.000000000000000000e+00
5.424999999999998934e+00 4.999999999999982236e-02 0.000000000000000000e+00 0.000000000000000000e+00
5.474999999999997868e+00 4.999999999999982236e-02 0.000000000000000000e+00 0.000000000000000000e+00
5.524999999999998579e+00 4.999999999999982236e-02 0.000000000000000000e+00 0.000000000000000000e+00
5.574999999999997513e+00 4.999999999999982236e-02 0.000000000000000000e+00 0.000000000000000000e+00
5.624999999999998224e+00 4.999999999999982236e-02 0.000000000000000000e+00 0.000000000000000000e+00
5.674999999999997158e+00 4.999999999999982236e-02 0.000000000000000000e+00 0.000000000000000000e+00
5.724999999999997868e+00 4.999999999999982236e-02 0.000000000000000000e+00 0.000000000000000000e+00
5.774999999999996803e+00 4.999999999999982236e-02 0.000000000000000000e+00 0.000000000000000000e+00
5.824999999999997513e+00 4.999999999999982236e-02 0.000000000000000000e+00 0.000000000000000000e+00
5.874999999999996447e+00 4.999999999999982236e-02 0.000000000000000000e+00 0.000000000000000000e+00
5.924999999999997158e+00 4.999999999999982236e-02 0.000000000000000000e+00 0.000000000000000000e+00
5.974999999999996092e+00 4.999999999999982236e-02 0.000000000000000000e+00 0.000000000000000000e+00
6.024999999999996803e+00 4.999999999999982236e-02 0.000000000000000000e+00 0.000000000000000000e+00
6.074999999999995737e+00 4.999999999999982236e-02 0.000000000000000000e+00 0.000000000000000000e+00
6.124999999999996447e+00 4.999999999999982236e-02 0.000000000000000000e+00 0.000000000000000000e+00
6.174999999999995381e+00 4.999999999999982236e-02 0.000000000000000000e+00 0.000000000000000000e+00
6.224999999999996092e+00 4.999999999999982236e-02 0.000000000000000000e+00 0.000000000000000000e+00
6.274999999999995026e+00 4.999999999999982236e-02 0.000000000000000000e+00 0.000000000000000000e+00
6.324999999999995737e+00 4.999999999999982236e-02 0.000000000000000000e+00 0.000000000000000000e+00
6.374999999999994671e+00 4.999999999999982236e-02 0.000000000000000000e+00 0.000000000000000000e+00
6.424999999999995381e+00 4.999999999999982236e-02 0.000000000000000000e+00 0.000000000000000000e+00
6.474999999999994316e+00 4.999999999999982236e-02 2.886449694293701525e-25 5.772899388587423620e-24
6.524999999999995026e+00 4.999999999999982236e-02 7.937736351158888091e-25 1.587547270231783202e-23
6.574999999999993960e+00 4.999999999999982236e-02 1.010257380676843890e-24 2.020514761353694832e-23
6.624999999999994671e+00 4.999999999999982236e-02 2.525643106565463690e-24 5.051286213130945599e-23
6.674999999999993605e+00 4.999999999999982236e-02 3.644143740529369256e-24 7.288287481058764373e-23
6.724999999999994316e+00 4.999999999999982236e-02 1.111281767820228087e-23 2.222563535640464168e-22
6.774999999999993250e+00 4.999999999999982236e-02 4.152877456179322018e-23 8.305754912358673188e-22
6.824999999999993960e+00 4.999999999999982236e-02 9.467598719899012875e-23 1.893519743979809346e-21
6.874999999999992895e+00 4.999999999999982236e-02 1.778749948601008009e-22 3.557499897202028808e-21
6.924999999999993605e+00 4.999999999999982236e-02 3.151203966835027416e-22 6.302407933670077401e-21
6.974999999999992539e+00 4.999999999999982236e-02 5.366489724199404207e-22 1.073297944839884603e-20
7.024999999999993250e+00 4.999999999999982236e-02 8.844469160493776516e-22 1.768893832098761623e-20
7.074999999999992184e+00 4.999999999999982236e-02 1.371563602531303862e-21 2.743127205062617354e-20
7.124999999999992895e+00 4.999999999999982236e-02 2.018102186469528548e-21 4.036204372939071541e-20
7.174999999999991829e+00 4.999999999999982236e-02 2.724047928804902685e-21 5.448095857609824629e-20
7.224999999999992539e+00 4.999999999999982236e-02 3.288067976498860343e-21 6.576135952997743557e-20
7.274999999999991473e+00 4.999999999999982236e-02 3.406018761970093633e-21 6.812037523940211341e-20
7.324999999999992184e+00 4.999999999999982236e-02 2.367085567158459498e-21 4.734171134316935848e-20
7.374999999999991118e+00 4.999999999999982236e-02 1.571368514037990835e-22 3.142737028075992954e-21
7.424999999999991829e+00 4.999999999999982236e-02 2.557215939010613916e-22 5.114431878021245887e-21
7.474999999999990763e+00 4.999999999999982236e-02 4.240447706199330603e-22 8.480895412398691298e-21
7.524999999999991473e+00 4.999999999999982236e-02 5.267702629413621846e-22 1.053540525882728131e-20
7.574999999999990408e+00 4.999999999999982236e-02 4.216262366804957899e-22 8.432524733609945890e-21
7.624999999999991118e+00 4.999999999999982236e-02 2.196390708527033445e-22 4.392781417054082689e-21
7.674999999999990052e+00 4.999999999999982236e-02 2.065059630412901376e-22 4.130119260825817797e-21
7.724999999999990763e+00 4.999999999999982236e-02 2.106693310853314507e-22 4.213386621706644060e-21
7.774999999999989697e+00 4.999999999999982236e-02 1.649159034534921074e-22 3.298318069069853809e-21
7.824999999999990408e+00 4.999999999999982236e-02 1.571659319722091509e-22 3.143318639444194302e-21
7.874999999999989342e+00 4.999999999999982236e-02 1.447404513254409168e-22 2.894809026508828492e-21
7.924999999999990052e+00 4.999999999999982236e-02 1.353474277289891533e-22 2.706948554579792846e-21
7.974999999999988987e+00 4.999999999999982236e-02 1.376964914216690405e-22 2.753929828433390590e-21
8.024999999999989697e+00 5.000000000000071054e-02 1.379501386016901837e-22 2.759002772033764554e-21
8.074999999999988631e+00 4.999999999999893419e-02 1.482091169019083981e-22 2.964182338038231156e-21
8.124999999999989342e+00 4.999999999999893419e-02 1.650193010300612359e-22 3.300386020601295059e-21
8.174999999999988276e+00 5.000000000000071054e-02 1.916603328679507405e-22 3.833206657358960643e-21
8.224999999999988987e+00 5.000000000000071054e-02 2.190623062459036748e-22 4.381246124918011055e-21
8.274999999999987921e+00 4.999999999999893419e-02 2.008772574668082071e-22 4.017545149336249905e-21
8.324999999999988631e+00 4.999999999999893419e-02 1.465111348241872416e-22 2.930222696483807275e-21
8.374999999999987566e+00 5.000000000000071054e-02 1.079422231767684337e-22 2.158844463535337829e-21
8.424999999999988276e+00 5.000000000000071054e-02 8.827568099589342218e-23 1.765513619917843241e-21
8.474999999999987210e+00 4.999999999999893419e-02 6.951386760999828470e-23 1.390277352199995411e-21
8.524999999999987921e+00 4.999999999999893419e-02 6.087370761794048782e-23 1.217474152358835711e-21
8.574999999999986855e+00 5.000000000000071054e-02 5.538071136270553841e-23 1.107614227254094970e-21
8.624999999999987566e+00 5.000000000000071054e-02 4.804109901343131043e-23 9.608219802686124788e-22
8.674999999999986500e+00 4.999999999999893419e-02 4.059485791332016872e-23 8.118971582664206777e-22
8.724999999999987210e+00 4.999999999999893419e-02 3.788390270264833193e-23 7.576780540529828134e-22
8.774999999999986144e+00 5.000000000000071054e-02 2.985928140860362790e-23 5.971856281720640945e-22
8.824999999999986855e+00 5.000000000000071054e-02 2.671373325891467305e-23 5.342746651782858439e-22
8.874999999999985789e+00 4.999999999999893419e-02 2.523062427000123672e-23 5.046124854000354548e-22
8.924999999999986500e+00 4.999999999999893419e-02 2.143722567962133636e-23 4.287445135924358491e-22
8.974999999999985434e+00 5.000000000000071054e-02 1.782154167396962555e-23 3.564308334793874329e-22
9.024999999999986144e+00 5.000000000000071054e-02 1.518167229718906457e-23 3.036334459437769656e-22
9.074999999999985079e+00 4.999999999999893419e-02 1.380842323338032722e-23 2.761684646676124219e-22
9.124999999999985789e+00 4.999999999999893419e-02 1.117016944373365888e-23 2.234033888746779265e-22
9.174999999999984723e+00 5.000000000000071054e-02 1.138665811967527159e-23 2.277331623935021874e-22
9.224999999999985434e+00 5.000000000000071054e-02 8.242725557120209370e-24 1.648545111424018364e-22
9.274999999999984368e+00 4.999999999999893419e-02 7.843675535048729222e-24 1.568735107009779228e-22
9.324999999999985079e+00 4.999999999999893419e-02 7.158666590278253178e-24 1.431733318055681199e-22
9.374999999999984013e+00 5.000000000000071054e-02 6.000290615277235907e-24 1.200058123055430019e-22
9.424999999999984723e+00 5.000000000000071054e-02 4.807987310464473360e-24 9.615974620928810363e-23
9.474999999999983658e+00 4.999999999999893419e-02 4.265150033476548949e-24 8.530300066953280099e-23
9.524999999999984368e+00 4.999999999999893419e-02 4.627041551468498556e-24 9.254083102937194596e-23
9.574999999999983302e+00 5.000000000000071054e-02 3.216633983580230665e-24 6.433267967160369642e-23
9.624999999999984013e+00 5.000000000000071054e-02 2.458923617784586174e-24 4.917847235569102406e-23
9.674999999999982947e+00 4.999999999999893419e-02 2.530009451675861990e-24 5.060018903351832125e-23
9.724999999999983658e+00 4.999999999999893419e-02 2.024330678767468118e-24 4.048661357535022636e-23
9.774999999999982592e+00 5.000000000000071054e-02 1.591353326884242695e-24 3.182706653768440133e-23
9.824999999999983302e+00 5.000000000000071054e-02 1.770683498746324867e-24 3.541366997492599187e-23
9.874999999999982236e+00 4.999999999999893419e-02 1.518651905859074247e-24 3.037303811718213146e-23
9.924999999999982947e+00 4.999999999999893419e-02 9.758146288711498352e-25 1.951629257742341400e-23
9.974999999999981881e+00 5.000000000000071054e-02 8.304117868208129392e-25 1.660823573641602369e-23
1.002499999999998259e+01 5.000000000000071054e-02 9.402717119255119273e-25 1.880543423850997112e-23
1.007499999999998153e+01 4.999999999999893419e-02 6.155386980130928596e-25 1.231077396026212021e-23
1.012499999999998224e+01 4.999999999999893419e-02 2.891900969667811598e-25 5.783801939335746622e-24
1.017499999999998117e+01 5.000000000000071054e-02 3.602759308580569756e-25 7.205518617161036656e-24
1.022499999999998188e+01 5.000000000000071054e-02 1.809457589959748039e-25 3.618915179919444650e-24
1.027499999999998082e+01 4.999999999999893419e-02 3.263486010463116999e-25 6.526972020926372852e-24
1.032499999999998153e+01 4.999999999999893419e-02 2.164886759416127118e-25 4.329773518832346806e-24
1.037499999999998046e+01 5.000000000000071054e-02 1.082443379708063559e-25 2.164886759416096261e-24
1.042499999999998117e+01 5.000000000000071054e-02 7.270142102516844799e-26 1.454028420503348389e-24
1.047499999999998010e+01 4.999999999999893419e-02 1.082443379708063559e-25 2.164886759416173403e-24
1.052499999999998082e+01 4.999999999999893419e-02 1.082443379708063559e-25 2.164886759416173403e-24
1.057499999999997975e+01 5.000000000000071054e-02 3.554291694563790790e-26 7.108583389127480562e-25
1.062499999999998046e+01 5.000000000000071054e-02 7.270142102516844799e-26 1.454028420503348389e-24
1.067499999999997939e+01 4.999999999999893419e-02 3.554291694563790790e-26 7.108583389127733109e-25
1.072499999999998010e+01 4.999999999999893419e-02 0.000000000000000000e+00 0.000000000000000000e+00
1.077499999999997904e+01 5.000000000000071054e-02 7.270142102516844799e-26 1.454028420503348389e-24
1.082499999999997975e+01 5.000000000000071054e-02 0.000000000000000000e+00 0.000000000000000000e+00
1.087499999999997868e+01 4.999999999999893419e-02 0.000000000000000000e+00 0.000000000000000000e+00
1.092499999999997939e+01 4.999999999999893419e-02 0.000000000000000000e+00 0.000000000000000000e+00
1.097499999999997833e+01 5.000000000000071054e-02 0.000000000000000000e+00 0.000000000000000000e+00
1.102499999999997904e+01 5.000000000000071054e-02 3.715850407953054008e-26 7.431700815906002406e-25
1.107499999999997797e+01 4.999999999999893419e-02 0.000000000000000000e+00 0.000000000000000000e+00
1.112499999999997868e+01 4.999999999999893419e-02 0.000000000000000000e+00 0.000000000000000000e+00
1.117499999999997762e+01 5.000000000000071054e-02 0.000000000000000000e+00 0.000000000000000000e+00
1.122499999999997833e+01 5.000000000000071054e-02 0.000000000000000000e+00 0.000000000000000000e+00
1.127499999999997726e+01 4.999999999999893419e-02 0.000000000000000000e+00 0.000000000000000000e+00
1.132499999999997797e+01 4.999999999999893419e-02 0.000000000000000000e+00 0.000000000000000000e+00
1.137499999999997691e+01 5.000000000000071054e-02 0.000000000000000000e+00 0.000000000000000000e+00
1.142499999999997762e+01 5.000000000000071054e-02 0.000000000000000000e+00 0.000000000000000000e+00
1.147499999999997655e+01 4.999999999999893419e-02 0.000000000000000000e+00 0.000000000000000000e+00
1.152499999999997726e+01 4.999999999999893419e-02 0.000000000000000000e+00 0.000000000000000000e+00
1.157499999999997620e+01 5.000000000000071054e-02 0.000000000000000000e+00 0.000000000000000000e+00
1.162499999999997691e+01 5.000000000000071054e-02 0.000000000000000000e+00 0.000000000000000000e+00
1.167499999999997584e+01 4.999999999999893419e-02 0.000000000000000000e+00 0.000000000000000000e+00
1.172499999999997655e+01 4.999999999999893419e-02 0.000000000000000000e+00 0.000000000000000000e+00
1.177499999999997549e+01 5.000000000000071054e-02 0.000000000000000000e+00 0.000000000000000000e+00
1.182499999999997620e+01 5.000000000000071054e-02 0.000000000000000000e+00 0.000000000000000000e+00
1.187499999999997513e+01 4.999999999999893419e-02 0.000000000000000000e+00 0.000000000000000000e+00
1.192499999999997584e+01 4.999999999999893419e-02 0.000000000000000000e+00 0.000000000000000000e+00
1.197499999999997478e+01 5.000000000000071054e-02 0.000000000000000000e+00 0.000000000000000000e+00
1.202499999999997549e+01 5.000000000000071054e-02 0.000000000000000000e+00 0.000000000000000000e+00
1.207499999999997442e+01 4.999999999999893419e-02 0.000000000000000000e+00 0.000000000000000000e+00
1.212499999999997513e+01 4.999999999999893419e-02 0.000000000000000000e+00 0.000000000000000000e+00
1.217499999999997407e+01 5.000000000000071054e-02 0.000000000000000000e+00 0.000000000000000000e+00
1.222499999999997478e+01 5.000000000000071054e-02 0.000000000000000000e+00 0.000000000000000000e+00
1.227499999999997371e+01 4.999999999999893419e-02 0.000000000000000000e+00 0.000000000000000000e+00
1.232499999999997442e+01 4.999999999999893419e-02 0.000000000000000000e+00 0.000000000000000000e+00
1.237499999999997335e+01 5.000000000000071054e-02 0.000000000000000000e+00 0.000000000000000000e+00
1.242499999999997407e+01 5.000000000000071054e-02 0.000000000000000000e+00 0.000000000000000000e+00
1.247499999999997300e+01 4.999999999999893419e-02 0.000000000000000000e+00 0.000000000000000000e+00
1.252499999999997371e+01 4.999999999999893419e-02 0.000000000000000000e+00 0.000000000000000000e+00
1.257499999999997264e+01 5.000000000000071054e-02 0.000000000000000000e+00 0.000000000000000000e+00
1.262499999999997335e+01 5.000000000000071054e-02 0.000000000000000000e+00 0.000000000000000000e+00
1.267499999999997229e+01 4.999999999999893419e-02 0.000000000000000000e+00 0.000000000000000000e+00
1.272499999999997300e+01 4.999999999999893419e-02 0.000000000000000000e+00 0.000000000000000000e+00
1.277499999999997193e+01 5.000000000000071054e-02 0.000000000000000000e+00 0.000000000000000000e+00
1.282499999999997264e+01 5.000000000000071054e-02 0.000000000000000000e+00 0.000000000000000000e+00
1.287499999999997158e+01 4.999999999999893419e-02 0.000000000000000000e+00 0.000000000000000000e+00
1.292499999999997229e+01 4.999999999999893419e-02 0.000000000000000000e+00 0.000000000000000000e+00
1.297499999999997122e+01 5.000000000000071054e-02 0.000000000000000000e+00 0.000000000000000000e+00
1.302499999999997193e+01 5.000000000000071054e-02 0.000000000000000000e+00 0.000000000000000000e+00
1.307499999999997087e+01 4.999999999999893419e-02 0.000000000000000000e+00 0.000000000000000000e+00
1.312499999999997158e+01 4.999999999999893419e-02 0.000000000000000000e+00 0.000000000000000000e+00
1.317499999999997051e+01 5.000000000000071054e-02 0.000000000000000000e+00 0.000000000000000000e+00
1.322499999999997122e+01 5.000000000000071054e-02 0.000000000000000000e+00 0.000000000000000000e+00
1.327499999999997016e+01 4.999999999999893419e-02 0.000000000000000000e+00 0.000000000000000000e+00
1.332499999999997087e+01 4.999999999999893419e-02 0.000000000000000000e+00 0.000000000000000000e+00
1.337499999999996980e+01 5.000000000000071054e-02 0.000000000000000000e+00 0.000000000000000000e+00
1.342499999999997051e+01 5.000000000000071054e-02 0.000000000000000000e+00 0.000000000000000000e+00
1.347499999999996945e+01 4.999999999999893419e-02 0.000000000000000000e+00 0.000000000000000000e+00
1.352499999999997016e+01 4.999999999999893419e-02 0.000000000000000000e+00 0.000000000000000000e+00
1.357499999999996909e+01 5.000000000000071054e-02 0.000000000000000000e+00 0.000000000000000000e+00
1.362499999999996980e+01 5.000000000000071054e-02 0.000000000000000000e+00 0.000000000000000000e+00
1.367499999999996874e+01 4.999999999999893419e-02 0.000000000000000000e+00 0.000000000000000000e+00
1.372499999999996945e+01 4.999999999999893419e-02 0.000000000000000000e+00 0.000000000000000000e+00
1.377499999999996838e+01 5.000000000000071054e-02 0.000000000000000000e+00 0.000000000000000000e+00
1.382499999999996909e+01 5.000000000000071054e-02 0.000000000000000000e+00 0.000000000000000000e+00
1.387499999999996803e+01 4.999999999999893419e-02 0.000000000000000000e+00 0.000000000000000000e+00
1.392499999999996874e+01 4.999999999999893419e-02 0.000000000000000000e+00 0.000000000000000000e+00
1.397499999999996767e+01 5.000000000000071054e-02 0.000000000000000000e+00 0.000000000000000000e+00
1.402499999999996838e+01 5.000000000000071054e-02 0.000000000000000000e+00 0.000000000000000000e+00
1.407499999999996732e+01 4.999999999999893419e-02 0.000000000000000000e+00 0.000000000000000000e+00
1.412499999999996803e+01 4.999999999999893419e-02 0.000000000000000000e+00 0.000000000000000000e+00
1.417499999999996696e+01 5.000000000000071054e-02 0.000000000000000000e+00 0.000000000000000000e+00
1.422499999999996767e+01 5.000000000000071054e-02 0.000000000000000000e+00 0.000000000000000000e+00
1.427499999999996660e+01 4.999999999999893419e-02 0.000000000000000000e+00 0.000000000000000000e+00
1.432499999999996732e+01 4.999999999999893419e-02 0.000000000000000000e+00 0.000000000000000000e+00
1.437499999999996625e+01 5.000000000000071054e-02 0.000000000000000000e+00 0.000000000000000000e+00
1.442499999999996696e+01 5.000000000000071054e-02 0.000000000000000000e+00 0.000000000000000000e+00
1.447499999999996589e+01 4.999999999999893419e-02 0.000000000000000000e+00 0.000000000000000000e+00
1.452499999999996660e+01 4.999999999999893419e-02 0.000000000000000000e+00 0.000000000000000000e+00
1.457499999999996554e+01 5.000000000000071054e-02 0.000000000000000000e+00 0.000000000000000000e+00
1.462499999999996625e+01 5.000000000000071054e-02 0.000000000000000000e+00 0.000000000000000000e+00
1.467499999999996518e+01 4.999999999999893419e-02 0.000000000000000000e+00 0.000000000000000000e+00
1.472499999999996589e+01 4.999999999999893419e-02 0.000000000000000000e+00 0.000000000000000000e+00
1.477499999999996483e+01 5.000000000000071054e-02 0.000000000000000000e+00 0.000000000000000000e+00
1.482499999999996554e+01 5.000000000000071054e-02 0.000000000000000000e+00 0.000000000000000000e+00
1.487499999999996447e+01 4.999999999999893419e-02 0.000000000000000000e+00 0.000000000000000000e+00
1.492499999999996518e+01 4.999999999999893419e-02 0.000000000000000000e+00 0.000000000000000000e+00
1.497499999999996412e+01 5.000000000000071054e-02 0.000000000000000000e+00 0.000000000000000000e+00
1.502499999999996483e+01 5.000000000000071054e-02 0.000000000000000000e+00 0.000000000000000000e+00
1.507499999999996376e+01 4.999999999999893419e-02 0.000000000000000000e+00 0.000000000000000000e+00
1.512499999999996447e+01 4.999999999999893419e-02 0.000000000000000000e+00 0.000000000000000000e+00
1.517499999999996341e+01 5.000000000000071054e-02 0.000000000000000000e+00 0.000000000000000000e+00
1.522499999999996412e+01 5.000000000000071054e-02 0.000000000000000000e+00 0.000000000000000000e+00
1.527499999999996305e+01 4.999999999999893419e-02 0.000000000000000000e+00 0.000000000000000000e+00
1.532499999999996376e+01 4.999999999999893419e-02 0.000000000000000000e+00 0.000000000000000000e+00
1.537499999999996270e+01 5.000000000000071054e-02 0.000000000000000000e+00 0.000000000000000000e+00
1.542499999999996341e+01 5.000000000000071054e-02 0.000000000000000000e+00 0.000000000000000000e+00
1.547499999999996234e+01 4.999999999999893419e-02 0.000000000000000000e+00 0.000000000000000000e+00
1.552499999999996305e+01 4.999999999999893419e-02 0.000000000000000000e+00 0.000000000000000000e+00
1.557499999999996199e+01 5.000000000000071054e-02 0.000000000000000000e+00 0.000000000000000000e+00
1.562499999999996270e+01 5.000000000000071054e-02 0.000000000000000000e+00 0.000000000000000000e+00
1.567499999999996163e+01 4.999999999999893419e-02 0.000000000000000000e+00 0.000000000000000000e+00
1.572499999999996234e+01 4.999999999999893419e-02 0.000000000000000000e+00 0.000000000000000000e+00
1.577499999999996128e+01 5.000000000000071054e-02 0.000000000000000000e+00 0.000000000000000000e+00
1.582499999999996199e+01 5.000000000000071054e-02 0.000000000000000000e+00 0.000000000000000000e+00
1.587499999999996092e+01 4.999999999999893419e-02 0.000000000000000000e+00 0.000000000000000000e+00
1.592499999999996163e+01 4.999999999999893419e-02 0.000000000000000000e+00 0.000000000000000000e+00
