# [0] log10 Mass / Msun, [1] Bin width log10 Mass / Msun, [2] dN/dV (pc^-3), [3] dN/dVlogM (pc^-3 log10 Mass/Msun)
5.025000000000000355e+00 4.999999999999982236e-02 0.000000000000000000e+00 0.000000000000000000e+00
5.074999999999999289e+00 4.999999999999982236e-02 0.000000000000000000e+00 0.000000000000000000e+00
5.125000000000000000e+00 4.999999999999982236e-02 0.000000000000000000e+00 0.000000000000000000e+00
5.174999999999998934e+00 4.999999999999982236e-02 0.000000000000000000e+00 0.000000000000000000e+00
5.224999999999999645e+00 4.999999999999982236e-02 0.000000000000000000e+00 0.000000000000000000e+00
5.274999999999998579e+00 4.999999999999982236e-02 0.000000000000000000e+00 0.000000000000000000e+00
5.324999999999999289e+00 4.999999999999982236e-02 0.000000000000000000e+00 0.000000000000000000e+00
5.374999999999998224e+00 4.999999999999982236e-02 0.000000000000000000e+00 0.000000000000000000e+00
5.424999999999998934e+00 4.999999999999982236e-02 0.000000000000000000e+00 0.000000000000000000e+00
5.474999999999997868e+00 4.999999999999982236e-02 0.000000000000000000e+00 0.000000000000000000e+00
5.524999999999998579e+00 4.999999999999982236e-02 0.000000000000000000e+00 0.000000000000000000e+00
5.574999999999997513e+00 4.999999999999982236e-02 0.000000000000000000e+00 0.000000000000000000e+00
5.624999999999998224e+00 4.999999999999982236e-02 0.000000000000000000e+00 0.000000000000000000e+00
5.674999999999997158e+00 4.999999999999982236e-02 0.000000000000000000e+00 0.000000000000000000e+00
5.724999999999997868e+00 4.999999999999982236e-02 0.000000000000000000e+00 0.000000000000000000e+00
5.774999999999996803e+00 4.999999999999982236e-02 0.000000000000000000e+00 0.000000000000000000e+00
5.824999999999997513e+00 4.999999999999982236e-02 0.000000000000000000e+00 0.000000000000000000e+00
5.874999999999996447e+00 4.999999999999982236e-02 0.000000000000000000e+00 0.000000000000000000e+00
5.924999999999997158e+00 4.999999999999982236e-02 0.000000000000000000e+00 0.000000000000000000e+00
5.974999999999996092e+00 4.999999999999982236e-02 0.000000000000000000e+00 0.000000000000000000e+00
6.024999999999996803e+00 4.999999999999982236e-02 0.000000000000000000e+00 0.000000000000000000e+00
6.074999999999995737e+00 4.999999999999982236e-02 0.000000000000000000e+00 0.000000000000000000e+00
6.124999999999996447e+00 4.999999999999982236e-02 0.000000000000000000e+00 0.000000000000000000e+00
6.174999999999995381e+00 4.999999999999982236e-02 0.000000000000000000e+00 0.000000000000000000e+00
6.224999999999996092e+00 4.999999999999982236e-02 0.000000000000000000e+00 0.000000000000000000e+00
6.274999999999995026e+00 4.999999999999982236e-02 0.000000000000000000e+00 0.000000000000000000e+00
6.324999999999995737e+00 4.999999999999982236e-02 0.000000000000000000e+00 0.000000000000000000e+00
6.374999999999994671e+00 4.999999999999982236e-02 0.000000000000000000e+00 0.000000000000000000e+00
6.424999999999995381e+00 4.999999999999982236e-02 0.000000000000000000e+00 0.000000000000000000e+00
6.474999999999994316e+00 4.999999999999982236e-02 0.000000000000000000e+00 0.000000000000000000e+00
6.524999999999995026e+00 4.999999999999982236e-02 0.000000000000000000e+00 0.000000000000000000e+00
6.574999999999993960e+00 4.999999999999982236e-02 0.000000000000000000e+00 0.000000000000000000e+00
6.624999999999994671e+00 4.999999999999982236e-02 0.000000000000000000e+00 0.000000000000000000e+00
6.674999999999993605e+00 4.999999999999982236e-02 0.000000000000000000e+00 0.000000000000000000e+00
6.724999999999994316e+00 4.999999999999982236e-02 0.000000000000000000e+00 0.000000000000000000e+00
6.774999999999993250e+00 4.999999999999982236e-02 0.000000000000000000e+00 0.000000000000000000e+00
6.824999999999993960e+00 4.999999999999982236e-02 0.000000000000000000e+00 0.000000000000000000e+00
6.874999999999992895e+00 4.999999999999982236e-02 0.000000000000000000e+00 0.000000000000000000e+00
6.924999999999993605e+00 4.999999999999982236e-02 0.000000000000000000e+00 0.000000000000000000e+00
6.974999999999992539e+00 4.999999999999982236e-02 0.000000000000000000e+00 0.000000000000000000e+00
7.024999999999993250e+00 4.999999999999982236e-02 0.000000000000000000e+00 0.000000000000000000e+00
7.074999999999992184e+00 4.999999999999982236e-02 0.000000000000000000e+00 0.000000000000000000e+00
7.124999999999992895e+00 4.999999999999982236e-02 0.000000000000000000e+00 0.000000000000000000e+00
7.174999999999991829e+00 4.999999999999982236e-02 0.000000000000000000e+00 0.000000000000000000e+00
7.224999999999992539e+00 4.999999999999982236e-02 0.000000000000000000e+00 0.000000000000000000e+00
7.274999999999991473e+00 4.999999999999982236e-02 0.000000000000000000e+00 0.000000000000000000e+00
7.324999999999992184e+00 4.999999999999982236e-02 0.000000000000000000e+00 0.000000000000000000e+00
7.374999999999991118e+00 4.999999999999982236e-02 0.000000000000000000e+00 0.000000000000000000e+00
7.424999999999991829e+00 4.999999999999982236e-02 0.000000000000000000e+00 0.000000000000000000e+00
7.474999999999990763e+00 4.999999999999982236e-02 0.000000000000000000e+00 0.000000000000000000e+00
7.524999999999991473e+00 4.999999999999982236e-02 0.000000000000000000e+00 0.000000000000000000e+00
7.574999999999990408e+00 4.999999999999982236e-02 0.000000000000000000e+00 0.000000000000000000e+00
7.624999999999991118e+00 4.999999999999982236e-02 0.000000000000000000e+00 0.000000000000000000e+00
7.674999999999990052e+00 4.999999999999982236e-02 0.000000000000000000e+00 0.000000000000000000e+00
7.724999999999990763e+00 4.999999999999982236e-02 0.000000000000000000e+00 0.000000000000000000e+00
7.774999999999989697e+00 4.999999999999982236e-02 0.000000000000000000e+00 0.000000000000000000e+00
7.824999999999990408e+00 4.999999999999982236e-02 0.000000000000000000e+00 0.000000000000000000e+00
7.874999999999989342e+00 4.999999999999982236e-02 0.000000000000000000e+00 0.000000000000000000e+00
7.924999999999990052e+00 4.999999999999982236e-02 0.000000000000000000e+00 0.000000000000000000e+00
7.974999999999988987e+00 4.999999999999982236e-02 0.000000000000000000e+00 0.000000000000000000e+00
8.024999999999989697e+00 5.000000000000071054e-02 0.000000000000000000e+00 0.000000000000000000e+00
8.074999999999988631e+00 4.999999999999893419e-02 0.000000000000000000e+00 0.000000000000000000e+00
8.124999999999989342e+00 4.999999999999893419e-02 0.000000000000000000e+00 0.000000000000000000e+00
8.174999999999988276e+00 5.000000000000071054e-02 0.000000000000000000e+00 0.000000000000000000e+00
8.224999999999988987e+00 5.000000000000071054e-02 0.000000000000000000e+00 0.000000000000000000e+00
8.274999999999987921e+00 4.999999999999893419e-02 0.000000000000000000e+00 0.000000000000000000e+00
8.324999999999988631e+00 4.999999999999893419e-02 0.000000000000000000e+00 0.000000000000000000e+00
8.374999999999987566e+00 5.000000000000071054e-02 6.133705631188994850e-25 1.226741126237781484e-23
8.424999999999988276e+00 5.000000000000071054e-02 3.608062426015918008e-26 7.216124852031733160e-25
8.474999999999987210e+00 4.999999999999893419e-02 1.371063524670822538e-24 2.742127049341703262e-23
8.524999999999987921e+00 4.999999999999893419e-02 8.298540621608216839e-25 1.659708124321678633e-23
8.574999999999986855e+00 5.000000000000071054e-02 2.886447968660471354e-25 5.772895937320860423e-24
8.624999999999987566e+00 5.000000000000071054e-02 1.371063524670822538e-24 2.742127049341606284e-23
8.674999999999986500e+00 4.999999999999893419e-02 1.371063524670822538e-24 2.742127049341703262e-23
8.724999999999987210e+00 4.999999999999893419e-02 1.695789438835094616e-24 3.391578877670261525e-23
8.774999999999986144e+00 5.000000000000071054e-02 1.623628781960455172e-24 3.247257563920863912e-23
8.824999999999986855e+00 5.000000000000071054e-02 2.597804946731460966e-24 5.195609893462847875e-23
8.874999999999985789e+00 4.999999999999893419e-02 2.850368231868830547e-24 5.700736463737782170e-23
8.924999999999986500e+00 4.999999999999893419e-02 4.221432939831010916e-24 8.442865879662201683e-23
8.974999999999985434e+00 5.000000000000071054e-02 6.169783691651212062e-24 1.233956738330224780e-22
9.024999999999986144e+00 5.000000000000071054e-02 7.793398274115373255e-24 1.558679654823052552e-22
9.074999999999985079e+00 4.999999999999893419e-02 1.389102012560058804e-23 2.778204025120176853e-22
9.124999999999985789e+00 4.999999999999893419e-02 1.562286957970469294e-23 3.124573915941005356e-22
9.174999999999984723e+00 5.000000000000071054e-02 1.692177323636178125e-23 3.384354647272308290e-22
9.224999999999985434e+00 5.000000000000071054e-02 2.399360201819330545e-23 4.798720403638592441e-22
9.274999999999984368e+00 4.999999999999893419e-02 2.363285908167935764e-23 4.726571816335972150e-22
9.324999999999985079e+00 4.999999999999893419e-02 3.131811872518522415e-23 6.263623745037178367e-22
9.374999999999984013e+00 5.000000000000071054e-02 3.799311891725437057e-23 7.598623783450765969e-22
9.424999999999984723e+00 5.000000000000071054e-02 4.513716949268068884e-23 9.027433898536009875e-22
9.474999999999983658e+00 4.999999999999893419e-02 5.877574150683606957e-23 1.175514830136746406e-21
9.524999999999984368e+00 4.999999999999893419e-02 7.223327940957409074e-23 1.444665588191512660e-21
9.574999999999983302e+00 5.000000000000071054e-02 9.774069919399927608e-23 1.954813983879957686e-21
9.624999999999984013e+00 5.000000000000071054e-02 1.317270989103275012e-22 2.634541978206512408e-21
9.674999999999982947e+00 4.999999999999893419e-02 1.860627778328941773e-22 3.721255556657962539e-21
9.724999999999983658e+00 4.999999999999893419e-02 2.707842176213217428e-22 5.415684352426549961e-21
9.774999999999982592e+00 5.000000000000071054e-02 3.760195245552530713e-22 7.520390491104954597e-21
9.824999999999983302e+00 5.000000000000071054e-02 5.247253335266375855e-22 1.049450667053260275e-20
9.874999999999982236e+00 4.999999999999893419e-02 7.990084080089914281e-22 1.598016816018016861e-20
9.924999999999982947e+00 4.999999999999893419e-02 1.396451116483744651e-21 2.792902232967548886e-20
9.974999999999981881e+00 5.000000000000071054e-02 2.734921234112783573e-21 5.469842468225488904e-20
1.002499999999998259e+01 5.000000000000071054e-02 4.774835462476996548e-21 9.549670924953857077e-20
1.007499999999998153e+01 4.999999999999893419e-02 5.533317271129074771e-21 1.106663454225838547e-19
1.012499999999998224e+01 4.999999999999893419e-02 5.272922591443228941e-21 1.054584518288668297e-19
1.017499999999998117e+01 5.000000000000071054e-02 5.012940694270092678e-21 1.002588138854004332e-19
1.022499999999998188e+01 5.000000000000071054e-02 4.718108967031758447e-21 9.436217934063383282e-20
1.027499999999998082e+01 4.999999999999893419e-02 4.435400605646154527e-21 8.870801211292498037e-20
1.032499999999998153e+01 4.999999999999893419e-02 4.051734204263600023e-21 8.103468408527373380e-20
1.037499999999998046e+01 5.000000000000071054e-02 3.685978201847379239e-21 7.371956403694653756e-20
1.042499999999998117e+01 5.000000000000071054e-02 3.290117348778203147e-21 6.580234697556312406e-20
1.047499999999998010e+01 4.999999999999893419e-02 2.972053478554492865e-21 5.944106957109112120e-20
1.052499999999998082e+01 4.999999999999893419e-02 2.664823735650666575e-21 5.329647471301446899e-20
1.057499999999997975e+01 5.000000000000071054e-02 2.388361234124691571e-21 4.776722468249315133e-20
1.062499999999998046e+01 5.000000000000071054e-02 2.147037752760881318e-21 4.294075505521701848e-20
1.067499999999997939e+01 4.999999999999893419e-02 1.894676580098316601e-21 3.789353160196713850e-20
1.072499999999998010e+01 4.999999999999893419e-02 1.706034163996477297e-21 3.412068327993027419e-20
1.077499999999997904e+01 5.000000000000071054e-02 1.524804061664937390e-21 3.049608123329831447e-20
1.082499999999997975e+01 5.000000000000071054e-02 1.377171709369828662e-21 2.754343418739618203e-20
1.087499999999997868e+01 4.999999999999893419e-02 1.217176884326173512e-21 2.434353768652398783e-20
1.092499999999997939e+01 4.999999999999893419e-02 1.106186048227749681e-21 2.212372096455546608e-20
1.097499999999997833e+01 5.000000000000071054e-02 9.955377166017110888e-22 1.991075433203393891e-20
1.102499999999997904e+01 5.000000000000071054e-02 9.196438953999707997e-22 1.839287790799915419e-20
1.107499999999997797e+01 4.999999999999893419e-02 8.336623481342049152e-22 1.667324696268445340e-20
1.112499999999997868e+01 4.999999999999893419e-02 7.751845562358272009e-22 1.550369112471687504e-20
1.117499999999997762e+01 5.000000000000071054e-02 7.219412666512616148e-22 1.443882533302502767e-20
1.122499999999997833e+01 5.000000000000071054e-02 6.601612146512073604e-22 1.320322429302395913e-20
1.127499999999997726e+01 4.999999999999893419e-02 6.051149298252175968e-22 1.210229859650460923e-20
1.132499999999997797e+01 4.999999999999893419e-02 5.604148650046762497e-22 1.120829730009376423e-20
1.137499999999997691e+01 5.000000000000071054e-02 5.102411909745066648e-22 1.020482381948998885e-20
1.142499999999997762e+01 5.000000000000071054e-02 4.599964311104458041e-22 9.199928622208785179e-21
1.147499999999997655e+01 4.999999999999893419e-02 4.260432519045582463e-22 8.520865038091346986e-21
1.152499999999997726e+01 4.999999999999893419e-02 3.888718231279565651e-22 7.777436462559296812e-21
1.157499999999997620e+01 5.000000000000071054e-02 3.477971358358702846e-22 6.955942716717306387e-21
1.162499999999997691e+01 5.000000000000071054e-02 3.183417512107398148e-22 6.366835024214706018e-21
1.167499999999997584e+01 4.999999999999893419e-02 2.854936336044348173e-22 5.709872672088818222e-21
1.172499999999997655e+01 4.999999999999893419e-02 2.584874790742855779e-22 5.169749581485821396e-21
1.177499999999997549e+01 5.000000000000071054e-02 2.387191549039753305e-22 4.774383098079438902e-21
1.182499999999997620e+01 5.000000000000071054e-02 2.169216532934959372e-22 4.338433065869857054e-21
1.187499999999997513e+01 4.999999999999893419e-02 1.943486698587480804e-22 3.886973397175044363e-21
1.192499999999997584e+01 4.999999999999893419e-02 1.859023803227573994e-22 3.718047606455226981e-21
1.197499999999997478e+01 5.000000000000071054e-02 1.666316569896860828e-22 3.332633139793674260e-21
1.202499999999997549e+01 5.000000000000071054e-02 1.495258204160308933e-22 2.990516408320575360e-21
1.207499999999997442e+01 4.999999999999893419e-02 1.391472886679046242e-22 2.782945773358151917e-21
1.212499999999997513e+01 4.999999999999893419e-02 1.271725568314924345e-22 2.543451136629902856e-21
1.217499999999997407e+01 5.000000000000071054e-02 1.111394701147419528e-22 2.222789402294807458e-21
1.222499999999997478e+01 5.000000000000071054e-02 1.026285570933955664e-22 2.052571141867881989e-21
1.227499999999997371e+01 4.999999999999893419e-02 9.188167147874177720e-23 1.837633429574874664e-21
1.232499999999997442e+01 4.999999999999893419e-02 7.870494281471346916e-23 1.574098856294302861e-21
1.237499999999997335e+01 5.000000000000071054e-02 6.894033417746640028e-23 1.378806683549308445e-21
1.242499999999997407e+01 5.000000000000071054e-02 6.510169914733750622e-23 1.302033982946731693e-21
1.247499999999997300e+01 4.999999999999893419e-02 5.389598678665820944e-23 1.077919735733187134e-21
1.252499999999997371e+01 4.999999999999893419e-02 4.435756034815610906e-23 8.871512069631411773e-22
1.257499999999997264e+01 5.000000000000071054e-02 4.482284944271718713e-23 8.964569888543309533e-22
1.262499999999997335e+01 5.000000000000071054e-02 3.781120128162316348e-23 7.562240256324525491e-22
1.267499999999997229e+01 4.999999999999893419e-02 3.336510548915063973e-23 6.673021097830269946e-22
1.272499999999997300e+01 4.999999999999893419e-02 2.743913188203246490e-23 5.487826376406609590e-22
1.277499999999997193e+01 5.000000000000071054e-02 2.660548892094386670e-23 5.321097784188698108e-22
1.282499999999997264e+01 5.000000000000071054e-02 2.168764168537469435e-23 4.337528337074876804e-22
1.287499999999997158e+01 4.999999999999893419e-02 2.064074122261226870e-23 4.128148244522541667e-22
1.292499999999997229e+01 4.999999999999893419e-02 1.923194924185789344e-23 3.846389848371660503e-22
1.297499999999997122e+01 5.000000000000071054e-02 1.579397982093437217e-23 3.158795964186829765e-22
1.302499999999997193e+01 5.000000000000071054e-02 1.428179026361086845e-23 2.856358052722133253e-22
1.307499999999997087e+01 4.999999999999893419e-02 1.304748169331689747e-23 2.609496338663434976e-22
1.312499999999997158e+01 4.999999999999893419e-02 1.192949539666319600e-23 2.385899079332689981e-22
1.317499999999997051e+01 5.000000000000071054e-02 1.037206939959069858e-23 2.074413879918110329e-22
1.322499999999997122e+01 5.000000000000071054e-02 9.583662878251094077e-24 1.916732575650191544e-22
1.327499999999997016e+01 4.999999999999893419e-02 7.444625512977249074e-24 1.488925102595481553e-22
1.332499999999997087e+01 4.999999999999893419e-02 8.711245825949072701e-24 1.742249165189851686e-22
1.337499999999996980e+01 5.000000000000071054e-02 6.901788235989324662e-24 1.380357647197845419e-22
1.342499999999997051e+01 5.000000000000071054e-02 5.751490196657770552e-24 1.150298039331537653e-22
1.347499999999996945e+01 4.999999999999893419e-02 5.492996255234949403e-24 1.098599251047013391e-22
1.352499999999997016e+01 4.999999999999893419e-02 4.665815642681921729e-24 9.331631285364042116e-23
1.357499999999996909e+01 5.000000000000071054e-02 4.297461776154401592e-24 8.594923552308680933e-23
1.362499999999996980e+01 5.000000000000071054e-02 3.832172681593323525e-24 7.664345363186537729e-23
1.367499999999996874e+01 4.999999999999893419e-02 3.360421238496674929e-24 6.720842476993493269e-23
1.372499999999996945e+01 4.999999999999893419e-02 3.114851994144994838e-24 6.229703988290122507e-23
1.377499999999996838e+01 5.000000000000071054e-02 2.998529720504725321e-24 5.997059441009366007e-23
1.382499999999996909e+01 5.000000000000071054e-02 2.494466534730224082e-24 4.988933069460377047e-23
1.387499999999996803e+01 4.999999999999893419e-02 2.785272218830897874e-24 5.570544437661914473e-23
1.392499999999996874e+01 4.999999999999893419e-02 2.022715091633575486e-24 4.045430183267237371e-23
1.397499999999996767e+01 5.000000000000071054e-02 1.731909407532901694e-24 3.463818815065754018e-23
1.402499999999996838e+01 5.000000000000071054e-02 1.518651905859074247e-24 3.037303811718105588e-23
1.407499999999996732e+01 4.999999999999893419e-02 1.557425997072497419e-24 3.114851994145061254e-23
1.412499999999996803e+01 4.999999999999893419e-02 1.189072130544977283e-24 2.378144261090005405e-23
1.417499999999996696e+01 5.000000000000071054e-02 7.948688698751750313e-25 1.589737739750327434e-23
1.422499999999996767e+01 5.000000000000071054e-02 1.053362811297996180e-24 2.106725622595962384e-23
1.427499999999996660e+01 4.999999999999893419e-02 8.982664464443034907e-25 1.796532892888645185e-23
1.432499999999996732e+01 4.999999999999893419e-02 5.105255343100717681e-25 1.021051068620165283e-23
1.437499999999996625e+01 5.000000000000071054e-02 3.618915179919496078e-25 7.237830359838889299e-24
1.442499999999996696e+01 5.000000000000071054e-02 5.040631857745012394e-25 1.008126371548988226e-23
1.447499999999996589e+01 4.999999999999893419e-02 2.520315928872506197e-25 5.040631857745119658e-24
1.452499999999996660e+01 4.999999999999893419e-02 2.197198502093979761e-25 4.394397004188053562e-24
1.457499999999996554e+01 5.000000000000071054e-02 4.652890945610780671e-25 9.305781891221429099e-24
1.462499999999996625e+01 5.000000000000071054e-02 1.809457589959748039e-25 3.618915179919444650e-24
1.467499999999996518e+01 4.999999999999893419e-02 1.809457589959748039e-25 3.618915179919573219e-24
1.472499999999996589e+01 4.999999999999893419e-02 7.754818242684634452e-26 1.550963648536959951e-24
1.477499999999996483e+01 5.000000000000071054e-02 3.231174267785264355e-26 6.462348535570436874e-25
1.482499999999996554e+01 5.000000000000071054e-02 1.098599251046989881e-25 2.197198502093948537e-24
1.487499999999996447e+01 4.999999999999893419e-02 3.877409121342317226e-26 7.754818242684799756e-25
1.492499999999996518e+01 4.999999999999893419e-02 3.231174267785264355e-26 6.462348535570666463e-25
1.497499999999996412e+01 5.000000000000071054e-02 3.877409121342317226e-26 7.754818242684524249e-25
1.502499999999996483e+01 5.000000000000071054e-02 3.231174267785264355e-26 6.462348535570436874e-25
1.507499999999996376e+01 4.999999999999893419e-02 0.000000000000000000e+00 0.000000000000000000e+00
1.512499999999996447e+01 4.999999999999893419e-02 3.877409121342317226e-26 7.754818242684799756e-25
1.517499999999996341e+01 5.000000000000071054e-02 3.877409121342317226e-26 7.754818242684524249e-25
1.522499999999996412e+01 5.000000000000071054e-02 0.000000000000000000e+00 0.000000000000000000e+00
1.527499999999996305e+01 4.999999999999893419e-02 0.000000000000000000e+00 0.000000000000000000e+00
1.532499999999996376e+01 4.999999999999893419e-02 0.000000000000000000e+00 0.000000000000000000e+00
1.537499999999996270e+01 5.000000000000071054e-02 0.000000000000000000e+00 0.000000000000000000e+00
1.542499999999996341e+01 5.000000000000071054e-02 0.000000000000000000e+00 0.000000000000000000e+00
1.547499999999996234e+01 4.999999999999893419e-02 0.000000000000000000e+00 0.000000000000000000e+00
1.552499999999996305e+01 4.999999999999893419e-02 0.000000000000000000e+00 0.000000000000000000e+00
1.557499999999996199e+01 5.000000000000071054e-02 0.000000000000000000e+00 0.000000000000000000e+00
1.562499999999996270e+01 5.000000000000071054e-02 0.000000000000000000e+00 0.000000000000000000e+00
1.567499999999996163e+01 4.999999999999893419e-02 0.000000000000000000e+00 0.000000000000000000e+00
1.572499999999996234e+01 4.999999999999893419e-02 0.000000000000000000e+00 0.000000000000000000e+00
1.577499999999996128e+01 5.000000000000071054e-02 0.000000000000000000e+00 0.000000000000000000e+00
1.582499999999996199e+01 5.000000000000071054e-02 0.000000000000000000e+00 0.000000000000000000e+00
1.587499999999996092e+01 4.999999999999893419e-02 0.000000000000000000e+00 0.000000000000000000e+00
1.592499999999996163e+01 4.999999999999893419e-02 0.000000000000000000e+00 0.000000000000000000e+00
