# [0] log10 Mass / Msun, [1] Bin width log10 Mass / Msun, [2] dN/dV (pc^-3), [3] dN/dVlogM (pc^-3 log10 Mass/Msun)
5.025000000000000355e+00 4.999999999999982236e-02 0.000000000000000000e+00 0.000000000000000000e+00
5.074999999999999289e+00 4.999999999999982236e-02 0.000000000000000000e+00 0.000000000000000000e+00
5.125000000000000000e+00 4.999999999999982236e-02 0.000000000000000000e+00 0.000000000000000000e+00
5.174999999999998934e+00 4.999999999999982236e-02 0.000000000000000000e+00 0.000000000000000000e+00
5.224999999999999645e+00 4.999999999999982236e-02 0.000000000000000000e+00 0.000000000000000000e+00
5.274999999999998579e+00 4.999999999999982236e-02 0.000000000000000000e+00 0.000000000000000000e+00
5.324999999999999289e+00 4.999999999999982236e-02 0.000000000000000000e+00 0.000000000000000000e+00
5.374999999999998224e+00 4.999999999999982236e-02 0.000000000000000000e+00 0.000000000000000000e+00
5.424999999999998934e+00 4.999999999999982236e-02 0.000000000000000000e+00 0.000000000000000000e+00
5.474999999999997868e+00 4.999999999999982236e-02 0.000000000000000000e+00 0.000000000000000000e+00
5.524999999999998579e+00 4.999999999999982236e-02 0.000000000000000000e+00 0.000000000000000000e+00
5.574999999999997513e+00 4.999999999999982236e-02 0.000000000000000000e+00 0.000000000000000000e+00
5.624999999999998224e+00 4.999999999999982236e-02 0.000000000000000000e+00 0.000000000000000000e+00
5.674999999999997158e+00 4.999999999999982236e-02 0.000000000000000000e+00 0.000000000000000000e+00
5.724999999999997868e+00 4.999999999999982236e-02 0.000000000000000000e+00 0.000000000000000000e+00
5.774999999999996803e+00 4.999999999999982236e-02 0.000000000000000000e+00 0.000000000000000000e+00
5.824999999999997513e+00 4.999999999999982236e-02 0.000000000000000000e+00 0.000000000000000000e+00
5.874999999999996447e+00 4.999999999999982236e-02 0.000000000000000000e+00 0.000000000000000000e+00
5.924999999999997158e+00 4.999999999999982236e-02 0.000000000000000000e+00 0.000000000000000000e+00
5.974999999999996092e+00 4.999999999999982236e-02 0.000000000000000000e+00 0.000000000000000000e+00
6.024999999999996803e+00 4.999999999999982236e-02 0.000000000000000000e+00 0.000000000000000000e+00
6.074999999999995737e+00 4.999999999999982236e-02 1.082418604545258962e-25 2.164837209090525637e-24
6.124999999999996447e+00 4.999999999999982236e-02 7.216123619436671607e-26 1.443224723887339464e-24
6.174999999999995381e+00 4.999999999999982236e-02 1.804031213007959004e-25 3.608062426015930497e-24
6.224999999999996092e+00 4.999999999999982236e-02 2.886449694293701525e-25 5.772899388587423620e-24
6.274999999999995026e+00 4.999999999999982236e-02 5.412093145985811248e-25 1.082418629197166070e-23
6.324999999999995737e+00 4.999999999999982236e-02 7.576930108557296290e-25 1.515386021711464548e-23
6.374999999999994671e+00 4.999999999999982236e-02 9.020155078963663493e-25 1.804031015792739164e-23
6.424999999999995381e+00 4.999999999999982236e-02 1.984433644055462836e-24 3.968867288110939778e-23
6.474999999999994316e+00 4.999999999999982236e-02 2.489563369773822883e-24 4.979126739547663399e-23
6.524999999999995026e+00 4.999999999999982236e-02 6.638830130703857808e-24 1.327766026140776264e-22
6.574999999999993960e+00 4.999999999999982236e-02 1.656098139047170974e-23 3.312196278094353702e-22
6.624999999999994671e+00 4.999999999999982236e-02 3.456523429414319471e-23 6.913046858828663393e-22
6.674999999999993605e+00 4.999999999999982236e-02 6.039916045179573595e-23 1.207983209035919045e-21
6.724999999999994316e+00 4.999999999999982236e-02 1.050304176687400855e-22 2.100608353374809233e-21
6.774999999999993250e+00 4.999999999999982236e-02 1.636955798093258945e-22 3.273911596186529551e-21
6.824999999999993960e+00 4.999999999999982236e-02 2.722633381294983817e-22 5.445266762589987195e-21
6.874999999999992895e+00 4.999999999999982236e-02 3.581739005355688587e-22 7.163478010711402752e-21
6.924999999999993605e+00 4.999999999999982236e-02 4.712731283308205084e-22 9.425462566616443270e-21
6.974999999999992539e+00 4.999999999999982236e-02 5.578560779071779252e-22 1.115712155814359762e-20
7.024999999999993250e+00 4.999999999999982236e-02 5.783466705005340474e-22 1.156693341001072157e-20
7.074999999999992184e+00 4.999999999999982236e-02 5.399793033480683453e-22 1.079958606696140452e-20
7.124999999999992895e+00 4.999999999999982236e-02 3.174428789191203016e-22 6.348857578382428601e-21
7.174999999999991829e+00 4.999999999999982236e-02 3.210341271693718863e-22 6.420682543387460296e-21
7.224999999999992539e+00 4.999999999999982236e-02 4.978872000584131797e-22 9.957744001168299706e-21
7.274999999999991473e+00 4.999999999999982236e-02 6.319647763001627241e-22 1.263929552600329962e-20
7.324999999999992184e+00 4.999999999999982236e-02 6.168901366505940464e-22 1.233780273301192456e-20
7.374999999999991118e+00 4.999999999999982236e-02 5.376960748310945829e-22 1.075392149662192927e-20
7.424999999999991829e+00 4.999999999999982236e-02 5.728003598698806412e-22 1.145600719739765345e-20
7.474999999999990763e+00 4.999999999999982236e-02 6.223649575505727037e-22 1.244729915101149771e-20
7.524999999999991473e+00 4.999999999999982236e-02 5.919075050056453288e-22 1.183815010011294870e-20
7.574999999999990408e+00 4.999999999999982236e-02 6.034444127287726151e-22 1.206888825457549443e-20
7.624999999999991118e+00 4.999999999999982236e-02 6.056658450378749844e-22 1.211331690075754332e-20
7.674999999999990052e+00 4.999999999999982236e-02 5.904647856950792082e-22 1.180929571390162629e-20
7.724999999999990763e+00 4.999999999999982236e-02 5.802219632661999202e-22 1.160443926532403903e-20
7.774999999999989697e+00 4.999999999999982236e-02 5.633164594971474171e-22 1.126632918994298897e-20
7.824999999999990408e+00 4.999999999999982236e-02 5.493545554860472898e-22 1.098709110972098492e-20
7.874999999999989342e+00 4.999999999999982236e-02 5.397999731762062631e-22 1.079599946352416288e-20
7.924999999999990052e+00 4.999999999999982236e-02 5.270772244968017847e-22 1.054154448993607331e-20
7.974999999999988987e+00 4.999999999999982236e-02 5.112040809063066736e-22 1.022408161812616958e-20
8.024999999999989697e+00 5.000000000000071054e-02 4.988399925706263595e-22 9.976799851412385755e-21
8.074999999999988631e+00 4.999999999999893419e-02 4.776313724704508306e-22 9.552627449409219738e-21
8.124999999999989342e+00 4.999999999999893419e-02 4.795741159989567208e-22 9.591482319979339047e-21
8.174999999999988276e+00 5.000000000000071054e-02 4.676672388221680217e-22 9.353344776443228026e-21
8.224999999999988987e+00 5.000000000000071054e-02 4.632356833139005316e-22 9.264713666277878225e-21
8.274999999999987921e+00 4.999999999999893419e-02 4.487099393930718757e-22 8.974198787861628603e-21
8.324999999999988631e+00 4.999999999999893419e-02 4.544000372786417262e-22 9.088000745573028622e-21
8.374999999999987566e+00 5.000000000000071054e-02 4.442493033163943183e-22 8.884986066327759976e-21
8.424999999999988276e+00 5.000000000000071054e-02 4.395964123707835376e-22 8.791928247415545867e-21
8.474999999999987210e+00 4.999999999999893419e-02 4.384444987443180909e-22 8.768889974886548392e-21
8.524999999999987921e+00 4.999999999999893419e-02 4.296330865160676750e-22 8.592661730321537064e-21
8.574999999999986855e+00 5.000000000000071054e-02 4.190542219633387195e-22 8.381084439266655523e-21
8.624999999999987566e+00 5.000000000000071054e-02 4.088792541940829220e-22 8.177585083881542583e-21
8.674999999999986500e+00 4.999999999999893419e-02 4.068242273597714939e-22 8.136484547195602910e-21
8.724999999999987210e+00 4.999999999999893419e-02 3.935731816875841248e-22 7.871463633751851014e-21
8.774999999999986144e+00 5.000000000000071054e-02 3.782751871167547907e-22 7.565503742334988984e-21
8.824999999999986855e+00 5.000000000000071054e-02 3.738565563055584417e-22 7.477131126111062004e-21
8.874999999999985789e+00 4.999999999999893419e-02 3.624876696443559890e-22 7.249753392887274758e-21
8.924999999999986500e+00 4.999999999999893419e-02 3.429309873885856765e-22 6.858619747771859480e-21
8.974999999999985434e+00 5.000000000000071054e-02 3.355816815165080927e-22 6.711633630330066311e-21
9.024999999999986144e+00 5.000000000000071054e-02 3.246635436656616845e-22 6.493270873313141155e-21
9.074999999999985079e+00 4.999999999999893419e-02 3.202772245971431881e-22 6.405544491942999932e-21
9.124999999999985789e+00 4.999999999999893419e-02 3.126888118292494948e-22 6.253776236585123056e-21
9.174999999999984723e+00 5.000000000000071054e-02 3.021131784507883246e-22 6.042263569015680727e-21
9.224999999999985434e+00 5.000000000000071054e-02 2.914696904127036638e-22 5.829393808253990521e-21
9.274999999999984368e+00 4.999999999999893419e-02 2.892951101304841809e-22 5.785902202609806997e-21
9.324999999999985079e+00 4.999999999999893419e-02 2.798762371398901353e-22 5.597524742797922324e-21
9.374999999999984013e+00 5.000000000000071054e-02 2.783575852340310610e-22 5.567151704680542227e-21
9.424999999999984723e+00 5.000000000000071054e-02 2.738824088731484699e-22 5.477648177462891909e-21
9.474999999999983658e+00 4.999999999999893419e-02 2.589786175629889381e-22 5.179572351259889352e-21
9.524999999999984368e+00 4.999999999999893419e-02 2.583663100392436305e-22 5.167326200784982447e-21
9.574999999999983302e+00 5.000000000000071054e-02 2.523175518099496156e-22 5.046351036198920842e-21
9.624999999999984013e+00 5.000000000000071054e-02 2.464885134308649987e-22 4.929770268617230008e-21
9.674999999999982947e+00 4.999999999999893419e-02 2.360905946371320180e-22 4.721811892742741170e-21
9.724999999999983658e+00 4.999999999999893419e-02 2.305798269234242496e-22 4.611596538468583546e-21
9.774999999999982592e+00 5.000000000000071054e-02 2.232466769226855922e-22 4.464933538453648649e-21
9.824999999999983302e+00 5.000000000000071054e-02 2.156033341922395493e-22 4.312066683844730049e-21
9.874999999999982236e+00 4.999999999999893419e-02 2.087580915059364668e-22 4.175161830118818110e-21
9.924999999999982947e+00 4.999999999999893419e-02 2.042602969251793788e-22 4.085205938503674845e-21
9.974999999999981881e+00 5.000000000000071054e-02 1.969966171711981046e-22 3.939932343423906420e-21
1.002499999999998259e+01 5.000000000000071054e-02 1.926022201670101450e-22 3.852044403340147982e-21
1.007499999999998153e+01 4.999999999999893419e-02 1.922387130618843028e-22 3.844774261237768058e-21
1.012499999999998224e+01 4.999999999999893419e-02 1.834208384850983164e-22 3.668416769702044568e-21
1.017499999999998117e+01 5.000000000000071054e-02 1.958188541505903757e-22 3.916377083011751843e-21
1.022499999999998188e+01 5.000000000000071054e-02 1.831268016267298573e-22 3.662536032534545237e-21
1.027499999999998082e+01 4.999999999999893419e-02 1.699726911825760461e-22 3.399453823651593145e-21
1.032499999999998153e+01 4.999999999999893419e-02 1.564502268718947148e-22 3.129004537437960876e-21
1.037499999999998046e+01 5.000000000000071054e-02 1.452089715942697801e-22 2.904179431885354225e-21
1.042499999999998117e+01 5.000000000000071054e-02 1.247136332137078483e-22 2.494272664274121607e-21
1.047499999999998010e+01 4.999999999999893419e-02 1.047966750270794788e-22 2.095933500541634339e-21
1.052499999999998082e+01 4.999999999999893419e-02 8.534823710927997267e-23 1.706964742185635941e-21
1.057499999999997975e+01 5.000000000000071054e-02 7.395834781533691582e-23 1.479166956306717252e-21
1.062499999999998046e+01 5.000000000000071054e-02 6.098518313017907944e-23 1.219703662603564285e-21
1.067499999999997939e+01 4.999999999999893419e-02 5.375058394460787254e-23 1.075011678892180397e-21
1.072499999999998010e+01 4.999999999999893419e-02 4.460959194104335968e-23 8.921918388208861897e-22
1.077499999999997904e+01 5.000000000000071054e-02 3.809877579145605201e-23 7.619755158291102256e-22
1.082499999999997975e+01 5.000000000000071054e-02 3.227943093517479091e-23 6.455886187034866022e-22
1.087499999999997868e+01 4.999999999999893419e-02 2.628237149416534026e-23 5.256474298833179960e-22
1.092499999999997939e+01 4.999999999999893419e-02 2.447291390420559222e-23 4.894582780841222829e-22
1.097499999999997833e+01 5.000000000000071054e-02 1.890560064081158174e-23 3.781120128162262746e-22
1.102499999999997904e+01 5.000000000000071054e-02 1.666316569896860828e-23 3.332633139793674166e-22
1.107499999999997797e+01 4.999999999999893419e-02 1.464045060733503279e-23 2.928090121467069095e-22
1.112499999999997868e+01 4.999999999999893419e-02 1.182286664582628227e-23 2.364573329165306766e-22
1.117499999999997762e+01 5.000000000000071054e-02 9.651517537874584628e-24 1.930303507574889419e-22
1.122499999999997833e+01 5.000000000000071054e-02 7.770974114023560774e-24 1.554194822804690055e-22
1.127499999999997726e+01 4.999999999999893419e-02 8.061779798124234566e-24 1.612355959624881238e-22
1.132499999999997797e+01 4.999999999999893419e-02 6.759616568206773031e-24 1.351923313641383523e-22
1.137499999999997691e+01 5.000000000000071054e-02 5.673942014230924207e-24 1.134788402846168620e-22
1.142499999999997762e+01 5.000000000000071054e-02 4.122978365693997317e-24 8.245956731387877084e-23
1.147499999999997655e+01 4.999999999999893419e-02 3.541366997492649733e-24 7.082733994985449929e-23
1.152499999999997726e+01 4.999999999999893419e-02 2.710955210671836794e-24 5.421910421343788786e-23
1.157499999999997620e+01 5.000000000000071054e-02 2.423380700838948266e-24 4.846761401677827766e-23
1.162499999999997691e+01 5.000000000000071054e-02 1.841769332637600682e-24 3.683538665275149055e-23
1.167499999999997584e+01 4.999999999999893419e-02 2.530009451675861990e-24 5.060018903351832125e-23
1.172499999999997655e+01 4.999999999999893419e-02 1.447566071967798431e-24 2.895132143935658576e-23
1.177499999999997549e+01 5.000000000000071054e-02 1.121217470921486731e-24 2.242434941842941724e-23
1.182499999999997620e+01 5.000000000000071054e-02 9.370405376577266629e-25 1.874081075315426583e-23
1.187499999999997513e+01 4.999999999999893419e-02 9.790458031389350996e-25 1.958091606277911929e-23
1.192499999999997584e+01 4.999999999999893419e-02 4.685202688288633315e-25 9.370405376577466463e-24
1.197499999999997478e+01 5.000000000000071054e-02 5.428372769879244116e-25 1.085674553975833395e-23
1.202499999999997549e+01 5.000000000000071054e-02 3.974344349375875157e-25 7.948688698751637172e-24
1.207499999999997442e+01 4.999999999999893419e-02 2.164886759416127118e-25 4.329773518832346806e-24
1.212499999999997513e+01 4.999999999999893419e-02 2.164886759416127118e-25 4.329773518832346806e-24
1.217499999999997407e+01 5.000000000000071054e-02 1.098599251046989881e-25 2.197198502093948537e-24
1.222499999999997478e+01 5.000000000000071054e-02 7.108583389127581581e-26 1.421716677825496112e-24
1.227499999999997371e+01 4.999999999999893419e-02 1.454028420503368960e-25 2.908056841006800000e-24
1.232499999999997442e+01 4.999999999999893419e-02 3.554291694563790790e-26 7.108583389127733109e-25
1.237499999999997335e+01 5.000000000000071054e-02 3.554291694563790790e-26 7.108583389127480562e-25
1.242499999999997407e+01 5.000000000000071054e-02 3.554291694563790790e-26 7.108583389127480562e-25
1.247499999999997300e+01 4.999999999999893419e-02 0.000000000000000000e+00 0.000000000000000000e+00
1.252499999999997371e+01 4.999999999999893419e-02 0.000000000000000000e+00 0.000000000000000000e+00
1.257499999999997264e+01 5.000000000000071054e-02 3.877409121342317226e-26 7.754818242684524249e-25
1.262499999999997335e+01 5.000000000000071054e-02 0.000000000000000000e+00 0.000000000000000000e+00
1.267499999999997229e+01 4.999999999999893419e-02 0.000000000000000000e+00 0.000000000000000000e+00
1.272499999999997300e+01 4.999999999999893419e-02 0.000000000000000000e+00 0.000000000000000000e+00
1.277499999999997193e+01 5.000000000000071054e-02 0.000000000000000000e+00 0.000000000000000000e+00
1.282499999999997264e+01 5.000000000000071054e-02 0.000000000000000000e+00 0.000000000000000000e+00
1.287499999999997158e+01 4.999999999999893419e-02 0.000000000000000000e+00 0.000000000000000000e+00
1.292499999999997229e+01 4.999999999999893419e-02 0.000000000000000000e+00 0.000000000000000000e+00
1.297499999999997122e+01 5.000000000000071054e-02 0.000000000000000000e+00 0.000000000000000000e+00
1.302499999999997193e+01 5.000000000000071054e-02 0.000000000000000000e+00 0.000000000000000000e+00
1.307499999999997087e+01 4.999999999999893419e-02 0.000000000000000000e+00 0.000000000000000000e+00
1.312499999999997158e+01 4.999999999999893419e-02 0.000000000000000000e+00 0.000000000000000000e+00
1.317499999999997051e+01 5.000000000000071054e-02 0.000000000000000000e+00 0.000000000000000000e+00
1.322499999999997122e+01 5.000000000000071054e-02 0.000000000000000000e+00 0.000000000000000000e+00
1.327499999999997016e+01 4.999999999999893419e-02 0.000000000000000000e+00 0.000000000000000000e+00
1.332499999999997087e+01 4.999999999999893419e-02 0.000000000000000000e+00 0.000000000000000000e+00
1.337499999999996980e+01 5.000000000000071054e-02 0.000000000000000000e+00 0.000000000000000000e+00
1.342499999999997051e+01 5.000000000000071054e-02 0.000000000000000000e+00 0.000000000000000000e+00
1.347499999999996945e+01 4.999999999999893419e-02 0.000000000000000000e+00 0.000000000000000000e+00
1.352499999999997016e+01 4.999999999999893419e-02 0.000000000000000000e+00 0.000000000000000000e+00
1.357499999999996909e+01 5.000000000000071054e-02 0.000000000000000000e+00 0.000000000000000000e+00
1.362499999999996980e+01 5.000000000000071054e-02 0.000000000000000000e+00 0.000000000000000000e+00
1.367499999999996874e+01 4.999999999999893419e-02 0.000000000000000000e+00 0.000000000000000000e+00
1.372499999999996945e+01 4.999999999999893419e-02 0.000000000000000000e+00 0.000000000000000000e+00
1.377499999999996838e+01 5.000000000000071054e-02 0.000000000000000000e+00 0.000000000000000000e+00
1.382499999999996909e+01 5.000000000000071054e-02 0.000000000000000000e+00 0.000000000000000000e+00
1.387499999999996803e+01 4.999999999999893419e-02 0.000000000000000000e+00 0.000000000000000000e+00
1.392499999999996874e+01 4.999999999999893419e-02 0.000000000000000000e+00 0.000000000000000000e+00
1.397499999999996767e+01 5.000000000000071054e-02 0.000000000000000000e+00 0.000000000000000000e+00
1.402499999999996838e+01 5.000000000000071054e-02 0.000000000000000000e+00 0.000000000000000000e+00
1.407499999999996732e+01 4.999999999999893419e-02 0.000000000000000000e+00 0.000000000000000000e+00
1.412499999999996803e+01 4.999999999999893419e-02 0.000000000000000000e+00 0.000000000000000000e+00
1.417499999999996696e+01 5.000000000000071054e-02 0.000000000000000000e+00 0.000000000000000000e+00
1.422499999999996767e+01 5.000000000000071054e-02 0.000000000000000000e+00 0.000000000000000000e+00
1.427499999999996660e+01 4.999999999999893419e-02 0.000000000000000000e+00 0.000000000000000000e+00
1.432499999999996732e+01 4.999999999999893419e-02 0.000000000000000000e+00 0.000000000000000000e+00
1.437499999999996625e+01 5.000000000000071054e-02 0.000000000000000000e+00 0.000000000000000000e+00
1.442499999999996696e+01 5.000000000000071054e-02 0.000000000000000000e+00 0.000000000000000000e+00
1.447499999999996589e+01 4.999999999999893419e-02 0.000000000000000000e+00 0.000000000000000000e+00
1.452499999999996660e+01 4.999999999999893419e-02 0.000000000000000000e+00 0.000000000000000000e+00
1.457499999999996554e+01 5.000000000000071054e-02 0.000000000000000000e+00 0.000000000000000000e+00
1.462499999999996625e+01 5.000000000000071054e-02 0.000000000000000000e+00 0.000000000000000000e+00
1.467499999999996518e+01 4.999999999999893419e-02 0.000000000000000000e+00 0.000000000000000000e+00
1.472499999999996589e+01 4.999999999999893419e-02 0.000000000000000000e+00 0.000000000000000000e+00
1.477499999999996483e+01 5.000000000000071054e-02 0.000000000000000000e+00 0.000000000000000000e+00
1.482499999999996554e+01 5.000000000000071054e-02 0.000000000000000000e+00 0.000000000000000000e+00
1.487499999999996447e+01 4.999999999999893419e-02 0.000000000000000000e+00 0.000000000000000000e+00
1.492499999999996518e+01 4.999999999999893419e-02 0.000000000000000000e+00 0.000000000000000000e+00
1.497499999999996412e+01 5.000000000000071054e-02 0.000000000000000000e+00 0.000000000000000000e+00
1.502499999999996483e+01 5.000000000000071054e-02 0.000000000000000000e+00 0.000000000000000000e+00
1.507499999999996376e+01 4.999999999999893419e-02 0.000000000000000000e+00 0.000000000000000000e+00
1.512499999999996447e+01 4.999999999999893419e-02 0.000000000000000000e+00 0.000000000000000000e+00
1.517499999999996341e+01 5.000000000000071054e-02 0.000000000000000000e+00 0.000000000000000000e+00
1.522499999999996412e+01 5.000000000000071054e-02 0.000000000000000000e+00 0.000000000000000000e+00
1.527499999999996305e+01 4.999999999999893419e-02 0.000000000000000000e+00 0.000000000000000000e+00
1.532499999999996376e+01 4.999999999999893419e-02 0.000000000000000000e+00 0.000000000000000000e+00
1.537499999999996270e+01 5.000000000000071054e-02 0.000000000000000000e+00 0.000000000000000000e+00
1.542499999999996341e+01 5.000000000000071054e-02 0.000000000000000000e+00 0.000000000000000000e+00
1.547499999999996234e+01 4.999999999999893419e-02 0.000000000000000000e+00 0.000000000000000000e+00
1.552499999999996305e+01 4.999999999999893419e-02 0.000000000000000000e+00 0.000000000000000000e+00
1.557499999999996199e+01 5.000000000000071054e-02 0.000000000000000000e+00 0.000000000000000000e+00
1.562499999999996270e+01 5.000000000000071054e-02 0.000000000000000000e+00 0.000000000000000000e+00
1.567499999999996163e+01 4.999999999999893419e-02 0.000000000000000000e+00 0.000000000000000000e+00
1.572499999999996234e+01 4.999999999999893419e-02 0.000000000000000000e+00 0.000000000000000000e+00
1.577499999999996128e+01 5.000000000000071054e-02 0.000000000000000000e+00 0.000000000000000000e+00
1.582499999999996199e+01 5.000000000000071054e-02 0.000000000000000000e+00 0.000000000000000000e+00
1.587499999999996092e+01 4.999999999999893419e-02 0.000000000000000000e+00 0.000000000000000000e+00
1.592499999999996163e+01 4.999999999999893419e-02 0.000000000000000000e+00 0.000000000000000000e+00
