# [0] log10 Mass / Msun, [1] Bin width log10 Mass / Msun, [2] dN/dV (pc^-3), [3] dN/dVlogM (pc^-3 log10 Mass/Msun)
5.025000000000000355e+00 4.999999999999982236e-02 0.000000000000000000e+00 0.000000000000000000e+00
5.074999999999999289e+00 4.999999999999982236e-02 0.000000000000000000e+00 0.000000000000000000e+00
5.125000000000000000e+00 4.999999999999982236e-02 0.000000000000000000e+00 0.000000000000000000e+00
5.174999999999998934e+00 4.999999999999982236e-02 0.000000000000000000e+00 0.000000000000000000e+00
5.224999999999999645e+00 4.999999999999982236e-02 0.000000000000000000e+00 0.000000000000000000e+00
5.274999999999998579e+00 4.999999999999982236e-02 0.000000000000000000e+00 0.000000000000000000e+00
5.324999999999999289e+00 4.999999999999982236e-02 0.000000000000000000e+00 0.000000000000000000e+00
5.374999999999998224e+00 4.999999999999982236e-02 0.000000000000000000e+00 0.000000000000000000e+00
5.424999999999998934e+00 4.999999999999982236e-02 0.000000000000000000e+00 0.000000000000000000e+00
5.474999999999997868e+00 4.999999999999982236e-02 0.000000000000000000e+00 0.000000000000000000e+00
5.524999999999998579e+00 4.999999999999982236e-02 0.000000000000000000e+00 0.000000000000000000e+00
5.574999999999997513e+00 4.999999999999982236e-02 0.000000000000000000e+00 0.000000000000000000e+00
5.624999999999998224e+00 4.999999999999982236e-02 0.000000000000000000e+00 0.000000000000000000e+00
5.674999999999997158e+00 4.999999999999982236e-02 0.000000000000000000e+00 0.000000000000000000e+00
5.724999999999997868e+00 4.999999999999982236e-02 0.000000000000000000e+00 0.000000000000000000e+00
5.774999999999996803e+00 4.999999999999982236e-02 0.000000000000000000e+00 0.000000000000000000e+00
5.824999999999997513e+00 4.999999999999982236e-02 0.000000000000000000e+00 0.000000000000000000e+00
5.874999999999996447e+00 4.999999999999982236e-02 0.000000000000000000e+00 0.000000000000000000e+00
5.924999999999997158e+00 4.999999999999982236e-02 0.000000000000000000e+00 0.000000000000000000e+00
5.974999999999996092e+00 4.999999999999982236e-02 0.000000000000000000e+00 0.000000000000000000e+00
6.024999999999996803e+00 4.999999999999982236e-02 0.000000000000000000e+00 0.000000000000000000e+00
6.074999999999995737e+00 4.999999999999982236e-02 0.000000000000000000e+00 0.000000000000000000e+00
6.124999999999996447e+00 4.999999999999982236e-02 0.000000000000000000e+00 0.000000000000000000e+00
6.174999999999995381e+00 4.999999999999982236e-02 0.000000000000000000e+00 0.000000000000000000e+00
6.224999999999996092e+00 4.999999999999982236e-02 0.000000000000000000e+00 0.000000000000000000e+00
6.274999999999995026e+00 4.999999999999982236e-02 3.608062117867126906e-26 7.216124235734279525e-25
6.324999999999995737e+00 4.999999999999982236e-02 0.000000000000000000e+00 0.000000000000000000e+00
6.374999999999994671e+00 4.999999999999982236e-02 0.000000000000000000e+00 0.000000000000000000e+00
6.424999999999995381e+00 4.999999999999982236e-02 0.000000000000000000e+00 0.000000000000000000e+00
6.474999999999994316e+00 4.999999999999982236e-02 0.000000000000000000e+00 0.000000000000000000e+00
6.524999999999995026e+00 4.999999999999982236e-02 0.000000000000000000e+00 0.000000000000000000e+00
6.574999999999993960e+00 4.999999999999982236e-02 0.000000000000000000e+00 0.000000000000000000e+00
6.624999999999994671e+00 4.999999999999982236e-02 0.000000000000000000e+00 0.000000000000000000e+00
6.674999999999993605e+00 4.999999999999982236e-02 0.000000000000000000e+00 0.000000000000000000e+00
6.724999999999994316e+00 4.999999999999982236e-02 1.443224871798754050e-24 2.886449743597518093e-23
6.774999999999993250e+00 4.999999999999982236e-02 7.252195516923066780e-24 1.450439103384618528e-22
6.824999999999993960e+00 4.999999999999982236e-02 1.277255262379470176e-23 2.554510524758949285e-22
6.874999999999992895e+00 4.999999999999982236e-02 1.959189542885756803e-23 3.918379085771527713e-22
6.924999999999993605e+00 4.999999999999982236e-02 2.529238261254917929e-23 5.058476522509853725e-22
6.974999999999992539e+00 4.999999999999982236e-02 2.886412391033645886e-23 5.772824782067312461e-22
7.024999999999993250e+00 4.999999999999982236e-02 3.229148472980656797e-23 6.458296945961336163e-22
7.074999999999992184e+00 4.999999999999982236e-02 3.106452203226201504e-23 6.212904406452424638e-22
7.124999999999992895e+00 4.999999999999982236e-02 3.395081893405913657e-23 6.790163786811851765e-22
7.174999999999991829e+00 4.999999999999982236e-02 3.647657484773404687e-23 7.295314969546835705e-22
7.224999999999992539e+00 4.999999999999982236e-02 3.864416266688965073e-23 7.728832533377957418e-22
7.274999999999991473e+00 4.999999999999982236e-02 4.167505461717016284e-23 8.335010923434061720e-22
7.324999999999992184e+00 4.999999999999982236e-02 4.102551285869842349e-23 8.205102571739713850e-22
7.374999999999991118e+00 4.999999999999982236e-02 3.795882555598260275e-23 7.591765111196547821e-22
7.424999999999991829e+00 4.999999999999982236e-02 4.322667459798023361e-23 8.645334919596076815e-22
7.474999999999990763e+00 4.999999999999982236e-02 4.795188831138167665e-23 9.590377662276369184e-22
7.524999999999991473e+00 4.999999999999982236e-02 5.173645165962310167e-23 1.034729033192465795e-21
7.574999999999990408e+00 4.999999999999982236e-02 4.989705522058840579e-23 9.979411044117716893e-22
7.624999999999991118e+00 4.999999999999982236e-02 5.336147988082941891e-23 1.067229597616592140e-21
7.674999999999990052e+00 4.999999999999982236e-02 6.230956068318756466e-23 1.246191213663755807e-21
7.724999999999990763e+00 4.999999999999982236e-02 6.238170674613545752e-23 1.247634134922713664e-21
7.774999999999989697e+00 4.999999999999982236e-02 6.923745074880884216e-23 1.384749014976181733e-21
7.824999999999990408e+00 4.999999999999982236e-02 7.573044495282539674e-23 1.514608899056513389e-21
7.874999999999989342e+00 4.999999999999982236e-02 8.294070935719234586e-23 1.658814187143852748e-21
7.924999999999990052e+00 4.999999999999982236e-02 9.549614379404306854e-23 1.909922875880868142e-21
7.974999999999988987e+00 4.999999999999982236e-02 1.014991607126087483e-22 2.029983214252182112e-21
8.024999999999989697e+00 5.000000000000071054e-02 1.190362580768174023e-22 2.380725161536314191e-21
8.074999999999988631e+00 4.999999999999893419e-02 1.432478507621158612e-22 2.864957015242378162e-21
8.124999999999989342e+00 4.999999999999893419e-02 1.696297828134073349e-22 3.392595656268218921e-21
8.174999999999988276e+00 5.000000000000071054e-02 2.015993239414623453e-22 4.031986478829189731e-21
8.224999999999988987e+00 5.000000000000071054e-02 2.481057161518915235e-22 4.962114323037759752e-21
8.274999999999987921e+00 4.999999999999893419e-02 3.031921887078368663e-22 6.063843774156866724e-21
8.324999999999988631e+00 4.999999999999893419e-02 3.853163197430423549e-22 7.706326394861011102e-21
8.374999999999987566e+00 5.000000000000071054e-02 4.920551324534525141e-22 9.841102649068910352e-21
8.424999999999988276e+00 5.000000000000071054e-02 6.225016766117783677e-22 1.245003353223538981e-20
8.474999999999987210e+00 4.999999999999893419e-02 7.920125118224528576e-22 1.584025023644939419e-20
8.524999999999987921e+00 4.999999999999893419e-02 9.848994792218115791e-22 1.969798958443665288e-20
8.574999999999986855e+00 5.000000000000071054e-02 1.216351723197537850e-21 2.432703446395041094e-20
8.624999999999987566e+00 5.000000000000071054e-02 1.439845181054925542e-21 2.879690362109810158e-20
8.674999999999986500e+00 4.999999999999893419e-02 1.620256180709581884e-21 3.240512361419232982e-20
8.724999999999987210e+00 4.999999999999893419e-02 1.707614208213424292e-21 3.415228416426921407e-20
8.774999999999986144e+00 5.000000000000071054e-02 1.692952754973348655e-21 3.385905509946649161e-20
8.824999999999986855e+00 5.000000000000071054e-02 1.576506081123769405e-21 3.153012162247494273e-20
8.874999999999985789e+00 4.999999999999893419e-02 1.394574813976120096e-21 2.789149627952299775e-20
8.924999999999986500e+00 4.999999999999893419e-02 1.159602205635641779e-21 2.319204411271332910e-20
8.974999999999985434e+00 5.000000000000071054e-02 9.352601606361769823e-22 1.870520321272327483e-20
9.024999999999986144e+00 5.000000000000071054e-02 7.598865616649978668e-22 1.519773123329974067e-20
9.074999999999985079e+00 4.999999999999893419e-02 6.189152751229284609e-22 1.237830550245883253e-20
9.124999999999985789e+00 4.999999999999893419e-02 5.131880219067268259e-22 1.026376043813475469e-20
9.174999999999984723e+00 5.000000000000071054e-02 4.454949209966255377e-22 8.909898419932384364e-21
9.224999999999985434e+00 5.000000000000071054e-02 3.774496220913356556e-22 7.548992441826606284e-21
9.274999999999984368e+00 4.999999999999893419e-02 3.238202071817697305e-22 6.476404143635533036e-21
9.324999999999985079e+00 4.999999999999893419e-02 2.715834283816192543e-22 5.431668567632500943e-21
9.374999999999984013e+00 5.000000000000071054e-02 2.268300491856594504e-22 4.536600983713124308e-21
9.424999999999984723e+00 5.000000000000071054e-02 1.914454597791430204e-22 3.828909195582806241e-21
9.474999999999983658e+00 4.999999999999893419e-02 1.499798004006547229e-22 2.999596008013158406e-21
9.524999999999984368e+00 4.999999999999893419e-02 1.238089044187279743e-22 2.476178088374612148e-21
9.574999999999983302e+00 5.000000000000071054e-02 9.865098156975190602e-23 1.973019631395009909e-21
9.624999999999984013e+00 5.000000000000071054e-02 7.193563272370334033e-23 1.438712654474046306e-21
9.674999999999982947e+00 4.999999999999893419e-02 5.538071136270553841e-23 1.107614227254134466e-21
9.724999999999983658e+00 4.999999999999893419e-02 4.193094847304937553e-23 8.386189694610053782e-22
9.774999999999982592e+00 5.000000000000071054e-02 2.917588805096704449e-23 5.835177610193326144e-22
9.824999999999983302e+00 5.000000000000071054e-02 2.140006717554180582e-23 4.280013435108300039e-22
9.874999999999982236e+00 4.999999999999893419e-02 1.337544588149710180e-23 2.675089176299477253e-22
9.924999999999982947e+00 4.999999999999893419e-02 1.095206518065815353e-23 2.190413036131677256e-22
9.974999999999981881e+00 5.000000000000071054e-02 6.436499141428246595e-24 1.287299828285630981e-22
1.002499999999998259e+01 5.000000000000071054e-02 5.854887773226899011e-24 1.170977554645363110e-22
1.007499999999998153e+01 4.999999999999893419e-02 3.542982584626542365e-24 7.085965169253235194e-23
1.012499999999998224e+01 4.999999999999893419e-02 3.035688224584255861e-24 6.071376449168641027e-23
1.017499999999998117e+01 5.000000000000071054e-02 2.313520775734249278e-24 4.627041551468432729e-23
1.022499999999998188e+01 5.000000000000071054e-02 1.772299085880217499e-24 3.544598171760384451e-23
1.027499999999998082e+01 4.999999999999893419e-02 1.517036318725181615e-24 3.034072637450427882e-23
1.032499999999998153e+01 4.999999999999893419e-02 1.699597664855049051e-24 3.399195329710170394e-23
1.037499999999998046e+01 5.000000000000071054e-02 1.445950484833905799e-24 2.891900969667770455e-23
1.042499999999998117e+01 5.000000000000071054e-02 9.758146288711498352e-25 1.951629257742272046e-23
1.047499999999998010e+01 4.999999999999893419e-02 1.156760387867124639e-24 2.313520775734298649e-23
1.052499999999998082e+01 4.999999999999893419e-02 1.084058966841956191e-24 2.168117933683958520e-23
1.057499999999997975e+01 5.000000000000071054e-02 9.758146288711498352e-25 1.951629257742272046e-23
1.062499999999998046e+01 5.000000000000071054e-02 7.948688698751750313e-25 1.589737739750327434e-23
1.067499999999997939e+01 4.999999999999893419e-02 6.155386980130928596e-25 1.231077396026212021e-23
1.072499999999998010e+01 4.999999999999893419e-02 6.866245319043686754e-25 1.373249063808766738e-23
1.077499999999997904e+01 5.000000000000071054e-02 4.701358559627559636e-25 9.402717119254985560e-24
1.082499999999997975e+01 5.000000000000071054e-02 4.329773518832254236e-25 8.659547037664385044e-24
1.087499999999997868e+01 4.999999999999893419e-02 5.428372769879244116e-25 1.085674553975872039e-23
1.092499999999997939e+01 4.999999999999893419e-02 5.783801939335623195e-25 1.156760387867149324e-23
1.097499999999997833e+01 5.000000000000071054e-02 3.618915179919496078e-25 7.237830359838889299e-24
1.102499999999997904e+01 5.000000000000071054e-02 4.685202688288633315e-25 9.370405376577132917e-24
1.107499999999997797e+01 4.999999999999893419e-02 2.891900969667811598e-25 5.783801939335746622e-24
1.112499999999997868e+01 4.999999999999893419e-02 2.536471800211432519e-25 5.072943600422973036e-24
1.117499999999997762e+01 5.000000000000071054e-02 2.891900969667811598e-25 5.783801939335540911e-24
1.122499999999997833e+01 5.000000000000071054e-02 3.247330139124190677e-25 6.494660278248288783e-24
1.127499999999997726e+01 4.999999999999893419e-02 2.181042630755053440e-25 4.362085261510200184e-24
1.132499999999997797e+01 4.999999999999893419e-02 2.520315928872506197e-25 5.040631857745119658e-24
1.137499999999997691e+01 5.000000000000071054e-02 1.809457589959748039e-25 3.618915179919444650e-24
1.142499999999997762e+01 5.000000000000071054e-02 1.809457589959748039e-25 3.618915179919444650e-24
1.147499999999997655e+01 4.999999999999893419e-02 7.270142102516844799e-26 1.454028420503400000e-24
1.152499999999997726e+01 4.999999999999893419e-02 1.809457589959748039e-25 3.618915179919573219e-24
1.157499999999997620e+01 5.000000000000071054e-02 3.554291694563790790e-26 7.108583389127480562e-25
1.162499999999997691e+01 5.000000000000071054e-02 3.554291694563790790e-26 7.108583389127480562e-25
1.167499999999997584e+01 4.999999999999893419e-02 7.270142102516844799e-26 1.454028420503400000e-24
1.172499999999997655e+01 4.999999999999893419e-02 1.454028420503368960e-25 2.908056841006800000e-24
1.177499999999997549e+01 5.000000000000071054e-02 7.108583389127581581e-26 1.421716677825496112e-24
1.182499999999997620e+01 5.000000000000071054e-02 7.270142102516844799e-26 1.454028420503348389e-24
1.187499999999997513e+01 4.999999999999893419e-02 7.270142102516844799e-26 1.454028420503400000e-24
1.192499999999997584e+01 4.999999999999893419e-02 7.270142102516844799e-26 1.454028420503400000e-24
1.197499999999997478e+01 5.000000000000071054e-02 1.082443379708063559e-25 2.164886759416096261e-24
1.202499999999997549e+01 5.000000000000071054e-02 1.437872549164442638e-25 2.875745098328844501e-24
1.207499999999997442e+01 4.999999999999893419e-02 7.270142102516844799e-26 1.454028420503400000e-24
1.212499999999997513e+01 4.999999999999893419e-02 0.000000000000000000e+00 0.000000000000000000e+00
1.217499999999997407e+01 5.000000000000071054e-02 7.270142102516844799e-26 1.454028420503348389e-24
1.222499999999997478e+01 5.000000000000071054e-02 0.000000000000000000e+00 0.000000000000000000e+00
1.227499999999997371e+01 4.999999999999893419e-02 7.270142102516844799e-26 1.454028420503400000e-24
1.232499999999997442e+01 4.999999999999893419e-02 7.108583389127581581e-26 1.421716677825546622e-24
1.237499999999997335e+01 5.000000000000071054e-02 0.000000000000000000e+00 0.000000000000000000e+00
1.242499999999997407e+01 5.000000000000071054e-02 0.000000000000000000e+00 0.000000000000000000e+00
1.247499999999997300e+01 4.999999999999893419e-02 0.000000000000000000e+00 0.000000000000000000e+00
1.252499999999997371e+01 4.999999999999893419e-02 0.000000000000000000e+00 0.000000000000000000e+00
1.257499999999997264e+01 5.000000000000071054e-02 3.715850407953054008e-26 7.431700815906002406e-25
1.262499999999997335e+01 5.000000000000071054e-02 7.108583389127581581e-26 1.421716677825496112e-24
1.267499999999997229e+01 4.999999999999893419e-02 0.000000000000000000e+00 0.000000000000000000e+00
1.272499999999997300e+01 4.999999999999893419e-02 0.000000000000000000e+00 0.000000000000000000e+00
1.277499999999997193e+01 5.000000000000071054e-02 3.715850407953054008e-26 7.431700815906002406e-25
1.282499999999997264e+01 5.000000000000071054e-02 7.270142102516844799e-26 1.454028420503348389e-24
1.287499999999997158e+01 4.999999999999893419e-02 0.000000000000000000e+00 0.000000000000000000e+00
1.292499999999997229e+01 4.999999999999893419e-02 0.000000000000000000e+00 0.000000000000000000e+00
1.297499999999997122e+01 5.000000000000071054e-02 0.000000000000000000e+00 0.000000000000000000e+00
1.302499999999997193e+01 5.000000000000071054e-02 0.000000000000000000e+00 0.000000000000000000e+00
1.307499999999997087e+01 4.999999999999893419e-02 0.000000000000000000e+00 0.000000000000000000e+00
1.312499999999997158e+01 4.999999999999893419e-02 0.000000000000000000e+00 0.000000000000000000e+00
1.317499999999997051e+01 5.000000000000071054e-02 0.000000000000000000e+00 0.000000000000000000e+00
1.322499999999997122e+01 5.000000000000071054e-02 0.000000000000000000e+00 0.000000000000000000e+00
1.327499999999997016e+01 4.999999999999893419e-02 0.000000000000000000e+00 0.000000000000000000e+00
1.332499999999997087e+01 4.999999999999893419e-02 0.000000000000000000e+00 0.000000000000000000e+00
1.337499999999996980e+01 5.000000000000071054e-02 0.000000000000000000e+00 0.000000000000000000e+00
1.342499999999997051e+01 5.000000000000071054e-02 0.000000000000000000e+00 0.000000000000000000e+00
1.347499999999996945e+01 4.999999999999893419e-02 0.000000000000000000e+00 0.000000000000000000e+00
1.352499999999997016e+01 4.999999999999893419e-02 0.000000000000000000e+00 0.000000000000000000e+00
1.357499999999996909e+01 5.000000000000071054e-02 0.000000000000000000e+00 0.000000000000000000e+00
1.362499999999996980e+01 5.000000000000071054e-02 0.000000000000000000e+00 0.000000000000000000e+00
1.367499999999996874e+01 4.999999999999893419e-02 0.000000000000000000e+00 0.000000000000000000e+00
1.372499999999996945e+01 4.999999999999893419e-02 0.000000000000000000e+00 0.000000000000000000e+00
1.377499999999996838e+01 5.000000000000071054e-02 0.000000000000000000e+00 0.000000000000000000e+00
1.382499999999996909e+01 5.000000000000071054e-02 0.000000000000000000e+00 0.000000000000000000e+00
1.387499999999996803e+01 4.999999999999893419e-02 0.000000000000000000e+00 0.000000000000000000e+00
1.392499999999996874e+01 4.999999999999893419e-02 0.000000000000000000e+00 0.000000000000000000e+00
1.397499999999996767e+01 5.000000000000071054e-02 0.000000000000000000e+00 0.000000000000000000e+00
1.402499999999996838e+01 5.000000000000071054e-02 0.000000000000000000e+00 0.000000000000000000e+00
1.407499999999996732e+01 4.999999999999893419e-02 0.000000000000000000e+00 0.000000000000000000e+00
1.412499999999996803e+01 4.999999999999893419e-02 0.000000000000000000e+00 0.000000000000000000e+00
1.417499999999996696e+01 5.000000000000071054e-02 0.000000000000000000e+00 0.000000000000000000e+00
1.422499999999996767e+01 5.000000000000071054e-02 0.000000000000000000e+00 0.000000000000000000e+00
1.427499999999996660e+01 4.999999999999893419e-02 0.000000000000000000e+00 0.000000000000000000e+00
1.432499999999996732e+01 4.999999999999893419e-02 0.000000000000000000e+00 0.000000000000000000e+00
1.437499999999996625e+01 5.000000000000071054e-02 0.000000000000000000e+00 0.000000000000000000e+00
1.442499999999996696e+01 5.000000000000071054e-02 0.000000000000000000e+00 0.000000000000000000e+00
1.447499999999996589e+01 4.999999999999893419e-02 0.000000000000000000e+00 0.000000000000000000e+00
1.452499999999996660e+01 4.999999999999893419e-02 0.000000000000000000e+00 0.000000000000000000e+00
1.457499999999996554e+01 5.000000000000071054e-02 0.000000000000000000e+00 0.000000000000000000e+00
1.462499999999996625e+01 5.000000000000071054e-02 0.000000000000000000e+00 0.000000000000000000e+00
1.467499999999996518e+01 4.999999999999893419e-02 0.000000000000000000e+00 0.000000000000000000e+00
1.472499999999996589e+01 4.999999999999893419e-02 0.000000000000000000e+00 0.000000000000000000e+00
1.477499999999996483e+01 5.000000000000071054e-02 0.000000000000000000e+00 0.000000000000000000e+00
1.482499999999996554e+01 5.000000000000071054e-02 0.000000000000000000e+00 0.000000000000000000e+00
1.487499999999996447e+01 4.999999999999893419e-02 0.000000000000000000e+00 0.000000000000000000e+00
1.492499999999996518e+01 4.999999999999893419e-02 0.000000000000000000e+00 0.000000000000000000e+00
1.497499999999996412e+01 5.000000000000071054e-02 0.000000000000000000e+00 0.000000000000000000e+00
1.502499999999996483e+01 5.000000000000071054e-02 0.000000000000000000e+00 0.000000000000000000e+00
1.507499999999996376e+01 4.999999999999893419e-02 0.000000000000000000e+00 0.000000000000000000e+00
1.512499999999996447e+01 4.999999999999893419e-02 0.000000000000000000e+00 0.000000000000000000e+00
1.517499999999996341e+01 5.000000000000071054e-02 0.000000000000000000e+00 0.000000000000000000e+00
1.522499999999996412e+01 5.000000000000071054e-02 0.000000000000000000e+00 0.000000000000000000e+00
1.527499999999996305e+01 4.999999999999893419e-02 0.000000000000000000e+00 0.000000000000000000e+00
1.532499999999996376e+01 4.999999999999893419e-02 0.000000000000000000e+00 0.000000000000000000e+00
1.537499999999996270e+01 5.000000000000071054e-02 0.000000000000000000e+00 0.000000000000000000e+00
1.542499999999996341e+01 5.000000000000071054e-02 0.000000000000000000e+00 0.000000000000000000e+00
1.547499999999996234e+01 4.999999999999893419e-02 0.000000000000000000e+00 0.000000000000000000e+00
1.552499999999996305e+01 4.999999999999893419e-02 0.000000000000000000e+00 0.000000000000000000e+00
1.557499999999996199e+01 5.000000000000071054e-02 0.000000000000000000e+00 0.000000000000000000e+00
1.562499999999996270e+01 5.000000000000071054e-02 0.000000000000000000e+00 0.000000000000000000e+00
1.567499999999996163e+01 4.999999999999893419e-02 0.000000000000000000e+00 0.000000000000000000e+00
1.572499999999996234e+01 4.999999999999893419e-02 0.000000000000000000e+00 0.000000000000000000e+00
1.577499999999996128e+01 5.000000000000071054e-02 0.000000000000000000e+00 0.000000000000000000e+00
1.582499999999996199e+01 5.000000000000071054e-02 0.000000000000000000e+00 0.000000000000000000e+00
1.587499999999996092e+01 4.999999999999893419e-02 0.000000000000000000e+00 0.000000000000000000e+00
1.592499999999996163e+01 4.999999999999893419e-02 0.000000000000000000e+00 0.000000000000000000e+00
