# [0] log10 Mass / Msun, [1] Bin width log10 Mass / Msun, [2] dN/dV (pc^-3), [3] dN/dVlogM (pc^-3 log10 Mass/Msun)
5.025000000000000355e+00 4.999999999999982236e-02 0.000000000000000000e+00 0.000000000000000000e+00
5.074999999999999289e+00 4.999999999999982236e-02 0.000000000000000000e+00 0.000000000000000000e+00
5.125000000000000000e+00 4.999999999999982236e-02 0.000000000000000000e+00 0.000000000000000000e+00
5.174999999999998934e+00 4.999999999999982236e-02 0.000000000000000000e+00 0.000000000000000000e+00
5.224999999999999645e+00 4.999999999999982236e-02 0.000000000000000000e+00 0.000000000000000000e+00
5.274999999999998579e+00 4.999999999999982236e-02 0.000000000000000000e+00 0.000000000000000000e+00
5.324999999999999289e+00 4.999999999999982236e-02 0.000000000000000000e+00 0.000000000000000000e+00
5.374999999999998224e+00 4.999999999999982236e-02 0.000000000000000000e+00 0.000000000000000000e+00
5.424999999999998934e+00 4.999999999999982236e-02 0.000000000000000000e+00 0.000000000000000000e+00
5.474999999999997868e+00 4.999999999999982236e-02 0.000000000000000000e+00 0.000000000000000000e+00
5.524999999999998579e+00 4.999999999999982236e-02 0.000000000000000000e+00 0.000000000000000000e+00
5.574999999999997513e+00 4.999999999999982236e-02 0.000000000000000000e+00 0.000000000000000000e+00
5.624999999999998224e+00 4.999999999999982236e-02 0.000000000000000000e+00 0.000000000000000000e+00
5.674999999999997158e+00 4.999999999999982236e-02 0.000000000000000000e+00 0.000000000000000000e+00
5.724999999999997868e+00 4.999999999999982236e-02 0.000000000000000000e+00 0.000000000000000000e+00
5.774999999999996803e+00 4.999999999999982236e-02 0.000000000000000000e+00 0.000000000000000000e+00
5.824999999999997513e+00 4.999999999999982236e-02 0.000000000000000000e+00 0.000000000000000000e+00
5.874999999999996447e+00 4.999999999999982236e-02 0.000000000000000000e+00 0.000000000000000000e+00
5.924999999999997158e+00 4.999999999999982236e-02 0.000000000000000000e+00 0.000000000000000000e+00
5.974999999999996092e+00 4.999999999999982236e-02 0.000000000000000000e+00 0.000000000000000000e+00
6.024999999999996803e+00 4.999999999999982236e-02 0.000000000000000000e+00 0.000000000000000000e+00
6.074999999999995737e+00 4.999999999999982236e-02 0.000000000000000000e+00 0.000000000000000000e+00
6.124999999999996447e+00 4.999999999999982236e-02 0.000000000000000000e+00 0.000000000000000000e+00
6.174999999999995381e+00 4.999999999999982236e-02 0.000000000000000000e+00 0.000000000000000000e+00
6.224999999999996092e+00 4.999999999999982236e-02 0.000000000000000000e+00 0.000000000000000000e+00
6.274999999999995026e+00 4.999999999999982236e-02 0.000000000000000000e+00 0.000000000000000000e+00
6.324999999999995737e+00 4.999999999999982236e-02 0.000000000000000000e+00 0.000000000000000000e+00
6.374999999999994671e+00 4.999999999999982236e-02 0.000000000000000000e+00 0.000000000000000000e+00
6.424999999999995381e+00 4.999999999999982236e-02 0.000000000000000000e+00 0.000000000000000000e+00
6.474999999999994316e+00 4.999999999999982236e-02 0.000000000000000000e+00 0.000000000000000000e+00
6.524999999999995026e+00 4.999999999999982236e-02 0.000000000000000000e+00 0.000000000000000000e+00
6.574999999999993960e+00 4.999999999999982236e-02 0.000000000000000000e+00 0.000000000000000000e+00
6.624999999999994671e+00 4.999999999999982236e-02 0.000000000000000000e+00 0.000000000000000000e+00
6.674999999999993605e+00 4.999999999999982236e-02 0.000000000000000000e+00 0.000000000000000000e+00
6.724999999999994316e+00 4.999999999999982236e-02 0.000000000000000000e+00 0.000000000000000000e+00
6.774999999999993250e+00 4.999999999999982236e-02 0.000000000000000000e+00 0.000000000000000000e+00
6.824999999999993960e+00 4.999999999999982236e-02 0.000000000000000000e+00 0.000000000000000000e+00
6.874999999999992895e+00 4.999999999999982236e-02 1.473607317082230296e-23 2.947214634164470936e-22
6.924999999999993605e+00 4.999999999999982236e-02 0.000000000000000000e+00 0.000000000000000000e+00
6.974999999999992539e+00 4.999999999999982236e-02 0.000000000000000000e+00 0.000000000000000000e+00
7.024999999999993250e+00 4.999999999999982236e-02 0.000000000000000000e+00 0.000000000000000000e+00
7.074999999999992184e+00 4.999999999999982236e-02 0.000000000000000000e+00 0.000000000000000000e+00
7.124999999999992895e+00 4.999999999999982236e-02 0.000000000000000000e+00 0.000000000000000000e+00
7.174999999999991829e+00 4.999999999999982236e-02 2.284092161892798389e-23 4.568184323785612764e-22
7.224999999999992539e+00 4.999999999999982236e-02 0.000000000000000000e+00 0.000000000000000000e+00
7.274999999999991473e+00 4.999999999999982236e-02 0.000000000000000000e+00 0.000000000000000000e+00
7.324999999999992184e+00 4.999999999999982236e-02 0.000000000000000000e+00 0.000000000000000000e+00
7.374999999999991118e+00 4.999999999999982236e-02 2.284091530804074212e-23 4.568183061608164410e-22
7.424999999999991829e+00 4.999999999999982236e-02 0.000000000000000000e+00 0.000000000000000000e+00
7.474999999999990763e+00 4.999999999999982236e-02 1.620966534177515301e-23 3.241933068355041887e-22
7.524999999999991473e+00 4.999999999999982236e-02 0.000000000000000000e+00 0.000000000000000000e+00
7.574999999999990408e+00 4.999999999999982236e-02 2.431448539088824598e-23 4.862897078177666123e-22
7.624999999999991118e+00 4.999999999999982236e-02 0.000000000000000000e+00 0.000000000000000000e+00
7.674999999999990052e+00 4.999999999999982236e-02 3.610333635448139823e-23 7.220667270896305036e-22
7.724999999999990763e+00 4.999999999999982236e-02 3.241931806177582249e-23 6.483863612355187067e-22
7.774999999999989697e+00 4.999999999999982236e-02 3.684023341415369154e-23 7.368046682830764640e-22
7.824999999999990408e+00 4.999999999999982236e-02 3.757706736495356718e-23 7.515413472990739767e-22
7.874999999999989342e+00 4.999999999999982236e-02 4.273475355925889419e-23 8.546950711851808930e-22
7.924999999999990052e+00 4.999999999999982236e-02 5.747087721717913129e-23 1.149417544343586764e-21
7.974999999999988987e+00 4.999999999999982236e-02 1.046266344812372793e-22 2.092532689624753109e-21
8.024999999999989697e+00 5.000000000000071054e-02 1.149419563827499992e-22 2.298839127654967257e-21
8.074999999999988631e+00 4.999999999999893419e-02 6.778624960578978531e-23 1.355724992115824670e-21
8.124999999999989342e+00 4.999999999999893419e-02 1.318887585979126327e-22 2.637775171958308701e-21
8.174999999999988276e+00 5.000000000000071054e-02 2.298842661751855373e-22 4.597685323503645295e-21
8.224999999999988987e+00 5.000000000000071054e-02 1.702029123491557462e-22 3.404058246983066776e-21
8.274999999999987921e+00 4.999999999999893419e-02 2.667247520248288996e-22 5.334495040496691592e-21
8.324999999999988631e+00 4.999999999999893419e-02 3.057755125349311851e-22 6.115510250698753853e-21
8.374999999999987566e+00 5.000000000000071054e-02 4.465060765940505888e-22 8.930121531880885388e-21
8.424999999999988276e+00 5.000000000000071054e-02 4.560846907625082684e-22 9.121693815250035970e-21
8.474999999999987210e+00 4.999999999999893419e-02 6.771226581247708959e-22 1.354245316249570681e-20
8.524999999999987921e+00 4.999999999999893419e-02 7.743365749389253056e-22 1.548673149877883713e-20
8.574999999999986855e+00 5.000000000000071054e-02 9.607375658408803186e-22 1.921475131681733253e-20
8.624999999999987566e+00 5.000000000000071054e-02 1.098511201548192732e-21 2.197022403096354168e-20
8.674999999999986500e+00 4.999999999999893419e-02 1.553019079268021792e-21 3.106038158536109787e-20
8.724999999999987210e+00 4.999999999999893419e-02 1.851346533167316206e-21 3.702693066334711255e-20
8.774999999999986144e+00 5.000000000000071054e-02 2.141609379991002073e-21 4.283218759981943360e-20
8.824999999999986855e+00 5.000000000000071054e-02 2.755287729419417567e-21 5.510575458838756893e-20
8.874999999999985789e+00 4.999999999999893419e-02 3.715217097796568096e-21 7.430434195593295082e-20
8.924999999999986500e+00 4.999999999999893419e-02 4.473289355110204537e-21 8.946578710220599260e-20
8.974999999999985434e+00 5.000000000000071054e-02 5.219574288694960334e-21 1.043914857738977261e-19
9.024999999999986144e+00 5.000000000000071054e-02 6.668681630788492336e-21 1.333736326157679449e-19
9.074999999999985079e+00 4.999999999999893419e-02 7.199844675146908587e-21 1.439968935029412532e-19
9.124999999999985789e+00 4.999999999999893419e-02 8.131779957461534533e-21 1.626355991492341573e-19
9.174999999999984723e+00 5.000000000000071054e-02 8.355002400577211735e-21 1.671000480115418514e-19
9.224999999999985434e+00 5.000000000000071054e-02 8.424252927484385521e-21 1.684850585496853271e-19
9.274999999999984368e+00 4.999999999999893419e-02 8.158301435851515982e-21 1.631660287170337863e-19
9.324999999999985079e+00 4.999999999999893419e-02 7.406859548135374904e-21 1.481371909627106518e-19
9.374999999999984013e+00 5.000000000000071054e-02 6.631106305228417497e-21 1.326221261045664722e-19
9.424999999999984723e+00 5.000000000000071054e-02 5.429535992615646812e-21 1.085907198523113955e-19
9.474999999999983658e+00 4.999999999999893419e-02 4.152821491231262019e-21 8.305642982462700982e-20
9.524999999999984368e+00 4.999999999999893419e-02 3.019028290059555038e-21 6.038056580119238874e-20
9.574999999999983302e+00 5.000000000000071054e-02 2.257272494080643396e-21 4.514544988161222394e-20
9.624999999999984013e+00 5.000000000000071054e-02 1.707688525221583353e-21 3.415377050443117955e-20
9.674999999999982947e+00 4.999999999999893419e-02 1.388694076808750914e-21 2.777388153617560811e-20
9.724999999999983658e+00 4.999999999999893419e-02 1.107271722781725530e-21 2.214543445563498306e-20
9.774999999999982592e+00 5.000000000000071054e-02 9.451960215096166702e-22 1.890392043019206558e-20
9.824999999999983302e+00 5.000000000000071054e-02 8.103785063605443002e-22 1.620757012721065429e-20
9.874999999999982236e+00 4.999999999999893419e-02 7.101862546650588231e-22 1.420372509330148040e-20
9.924999999999982947e+00 4.999999999999893419e-02 6.276749885628943125e-22 1.255349977125815408e-20
9.974999999999981881e+00 5.000000000000071054e-02 5.621080003209957282e-22 1.124216000641975507e-20
1.002499999999998259e+01 5.000000000000071054e-02 5.024346739435374661e-22 1.004869347887060638e-20
1.007499999999998153e+01 4.999999999999893419e-02 4.103462073116574320e-22 8.206924146233323178e-21
1.012499999999998224e+01 4.999999999999893419e-02 3.727741129258503781e-22 7.455482258517167053e-21
1.017499999999998117e+01 5.000000000000071054e-02 3.234146948111626798e-22 6.468293896223161814e-21
1.022499999999998188e+01 5.000000000000071054e-02 2.851058926923005856e-22 5.702117853845930462e-21
1.027499999999998082e+01 4.999999999999893419e-02 2.342730591115028068e-22 4.685461182230156194e-21
1.032499999999998153e+01 4.999999999999893419e-02 2.003845033909709542e-22 4.007690067819504849e-21
1.037499999999998046e+01 5.000000000000071054e-02 1.745997327340445447e-22 3.491994654680841241e-21
1.042499999999998117e+01 5.000000000000071054e-02 1.738630250009895044e-22 3.477260500019740435e-21
1.047499999999998010e+01 4.999999999999893419e-02 1.385010538143475713e-22 2.770021076287010483e-21
1.052499999999998082e+01 4.999999999999893419e-02 1.377643460812925310e-22 2.755286921625909301e-21
1.057499999999997975e+01 5.000000000000071054e-02 1.090327444921459604e-22 2.180654889842888363e-21
1.062499999999998046e+01 5.000000000000071054e-02 1.075593290260358798e-22 2.151186580520687128e-21
1.067499999999997939e+01 4.999999999999893419e-02 1.060859135599257993e-22 2.121718271198561125e-21
1.072499999999998010e+01 4.999999999999893419e-02 7.809101970383426893e-23 1.561820394076718669e-21
1.077499999999997904e+01 5.000000000000071054e-02 8.398468156827459111e-23 1.679693631365467936e-21
1.082499999999997975e+01 5.000000000000071054e-02 7.219735783939394675e-23 1.443947156787858434e-21
1.087499999999997868e+01 4.999999999999893419e-02 5.009612584774273856e-23 1.001922516954876212e-21
1.092499999999997939e+01 4.999999999999893419e-02 4.788600264857761774e-23 9.577200529715728554e-22
1.097499999999997833e+01 5.000000000000071054e-02 4.051892531802721501e-23 8.103785063605328274e-22
1.102499999999997904e+01 5.000000000000071054e-02 3.462526345358689283e-23 6.925052690717279824e-22
1.107499999999997797e+01 4.999999999999893419e-02 3.094172478831169146e-23 6.188344957662469948e-22
1.112499999999997868e+01 4.999999999999893419e-02 2.504806292387136928e-23 5.009612584774381061e-22
1.117499999999997762e+01 5.000000000000071054e-02 2.504806292387136928e-23 5.009612584774202386e-22
1.122499999999997833e+01 5.000000000000071054e-02 2.873160158914657064e-23 5.746320317829232314e-22
1.127499999999997726e+01 4.999999999999893419e-02 1.547086239415584573e-23 3.094172478831234974e-22
1.132499999999997797e+01 4.999999999999893419e-02 1.547086239415584573e-23 3.094172478831234974e-22
1.137499999999997691e+01 5.000000000000071054e-02 2.062781652554112764e-23 4.125563305108166754e-22
1.142499999999997762e+01 5.000000000000071054e-02 1.473415466110080546e-23 2.946830932220119244e-22
1.147499999999997655e+01 4.999999999999893419e-02 6.630369597495362456e-24 1.326073919499100703e-22
1.152499999999997726e+01 4.999999999999893419e-02 6.630369597495362456e-24 1.326073919499100703e-22
1.157499999999997620e+01 5.000000000000071054e-02 8.840492796660483275e-24 1.768098559332071499e-22
1.162499999999997691e+01 5.000000000000071054e-02 8.840492796660483275e-24 1.768098559332071499e-22
1.167499999999997584e+01 4.999999999999893419e-02 8.840492796660483275e-24 1.768098559332134271e-22
1.172499999999997655e+01 4.999999999999893419e-02 3.683538665275201365e-24 7.367077330550560246e-23
1.177499999999997549e+01 5.000000000000071054e-02 5.893661864440322183e-24 1.178732372888047745e-22
1.182499999999997620e+01 5.000000000000071054e-02 2.210123199165120819e-24 4.420246398330178749e-23
1.187499999999997513e+01 4.999999999999893419e-02 5.893661864440322183e-24 1.178732372888089592e-22
1.192499999999997584e+01 4.999999999999893419e-02 5.156954131385281911e-24 1.031390826277078364e-22
1.197499999999997478e+01 5.000000000000071054e-02 2.946830932220161092e-24 5.893661864440238723e-23
1.202499999999997549e+01 5.000000000000071054e-02 4.420246398330241638e-24 8.840492796660357497e-23
1.207499999999997442e+01 4.999999999999893419e-02 2.210123199165120819e-24 4.420246398330335677e-23
1.212499999999997513e+01 4.999999999999893419e-02 2.210123199165120819e-24 4.420246398330335677e-23
1.217499999999997407e+01 5.000000000000071054e-02 2.210123199165120819e-24 4.420246398330178749e-23
1.222499999999997478e+01 5.000000000000071054e-02 2.210123199165120819e-24 4.420246398330178749e-23
1.227499999999997371e+01 4.999999999999893419e-02 7.367077330550402729e-25 1.473415466110111990e-23
1.232499999999997442e+01 4.999999999999893419e-02 1.473415466110080546e-24 2.946830932220223981e-23
1.237499999999997335e+01 5.000000000000071054e-02 0.000000000000000000e+00 0.000000000000000000e+00
1.242499999999997407e+01 5.000000000000071054e-02 7.367077330550402729e-25 1.473415466110059681e-23
1.247499999999997300e+01 4.999999999999893419e-02 3.683538665275201365e-24 7.367077330550560246e-23
1.252499999999997371e+01 4.999999999999893419e-02 7.367077330550402729e-25 1.473415466110111990e-23
1.257499999999997264e+01 5.000000000000071054e-02 7.367077330550402729e-25 1.473415466110059681e-23
1.262499999999997335e+01 5.000000000000071054e-02 0.000000000000000000e+00 0.000000000000000000e+00
1.267499999999997229e+01 4.999999999999893419e-02 0.000000000000000000e+00 0.000000000000000000e+00
1.272499999999997300e+01 4.999999999999893419e-02 0.000000000000000000e+00 0.000000000000000000e+00
1.277499999999997193e+01 5.000000000000071054e-02 7.367077330550402729e-25 1.473415466110059681e-23
1.282499999999997264e+01 5.000000000000071054e-02 0.000000000000000000e+00 0.000000000000000000e+00
1.287499999999997158e+01 4.999999999999893419e-02 0.000000000000000000e+00 0.000000000000000000e+00
1.292499999999997229e+01 4.999999999999893419e-02 7.367077330550402729e-25 1.473415466110111990e-23
1.297499999999997122e+01 5.000000000000071054e-02 0.000000000000000000e+00 0.000000000000000000e+00
1.302499999999997193e+01 5.000000000000071054e-02 7.367077330550402729e-25 1.473415466110059681e-23
1.307499999999997087e+01 4.999999999999893419e-02 0.000000000000000000e+00 0.000000000000000000e+00
1.312499999999997158e+01 4.999999999999893419e-02 0.000000000000000000e+00 0.000000000000000000e+00
1.317499999999997051e+01 5.000000000000071054e-02 0.000000000000000000e+00 0.000000000000000000e+00
1.322499999999997122e+01 5.000000000000071054e-02 0.000000000000000000e+00 0.000000000000000000e+00
1.327499999999997016e+01 4.999999999999893419e-02 0.000000000000000000e+00 0.000000000000000000e+00
1.332499999999997087e+01 4.999999999999893419e-02 0.000000000000000000e+00 0.000000000000000000e+00
1.337499999999996980e+01 5.000000000000071054e-02 0.000000000000000000e+00 0.000000000000000000e+00
1.342499999999997051e+01 5.000000000000071054e-02 0.000000000000000000e+00 0.000000000000000000e+00
1.347499999999996945e+01 4.999999999999893419e-02 0.000000000000000000e+00 0.000000000000000000e+00
1.352499999999997016e+01 4.999999999999893419e-02 0.000000000000000000e+00 0.000000000000000000e+00
1.357499999999996909e+01 5.000000000000071054e-02 0.000000000000000000e+00 0.000000000000000000e+00
1.362499999999996980e+01 5.000000000000071054e-02 0.000000000000000000e+00 0.000000000000000000e+00
1.367499999999996874e+01 4.999999999999893419e-02 0.000000000000000000e+00 0.000000000000000000e+00
1.372499999999996945e+01 4.999999999999893419e-02 0.000000000000000000e+00 0.000000000000000000e+00
1.377499999999996838e+01 5.000000000000071054e-02 0.000000000000000000e+00 0.000000000000000000e+00
1.382499999999996909e+01 5.000000000000071054e-02 0.000000000000000000e+00 0.000000000000000000e+00
1.387499999999996803e+01 4.999999999999893419e-02 0.000000000000000000e+00 0.000000000000000000e+00
1.392499999999996874e+01 4.999999999999893419e-02 0.000000000000000000e+00 0.000000000000000000e+00
1.397499999999996767e+01 5.000000000000071054e-02 0.000000000000000000e+00 0.000000000000000000e+00
1.402499999999996838e+01 5.000000000000071054e-02 0.000000000000000000e+00 0.000000000000000000e+00
1.407499999999996732e+01 4.999999999999893419e-02 0.000000000000000000e+00 0.000000000000000000e+00
1.412499999999996803e+01 4.999999999999893419e-02 0.000000000000000000e+00 0.000000000000000000e+00
1.417499999999996696e+01 5.000000000000071054e-02 0.000000000000000000e+00 0.000000000000000000e+00
1.422499999999996767e+01 5.000000000000071054e-02 0.000000000000000000e+00 0.000000000000000000e+00
1.427499999999996660e+01 4.999999999999893419e-02 0.000000000000000000e+00 0.000000000000000000e+00
1.432499999999996732e+01 4.999999999999893419e-02 0.000000000000000000e+00 0.000000000000000000e+00
1.437499999999996625e+01 5.000000000000071054e-02 0.000000000000000000e+00 0.000000000000000000e+00
1.442499999999996696e+01 5.000000000000071054e-02 0.000000000000000000e+00 0.000000000000000000e+00
1.447499999999996589e+01 4.999999999999893419e-02 0.000000000000000000e+00 0.000000000000000000e+00
1.452499999999996660e+01 4.999999999999893419e-02 0.000000000000000000e+00 0.000000000000000000e+00
1.457499999999996554e+01 5.000000000000071054e-02 0.000000000000000000e+00 0.000000000000000000e+00
1.462499999999996625e+01 5.000000000000071054e-02 0.000000000000000000e+00 0.000000000000000000e+00
1.467499999999996518e+01 4.999999999999893419e-02 0.000000000000000000e+00 0.000000000000000000e+00
1.472499999999996589e+01 4.999999999999893419e-02 0.000000000000000000e+00 0.000000000000000000e+00
1.477499999999996483e+01 5.000000000000071054e-02 0.000000000000000000e+00 0.000000000000000000e+00
1.482499999999996554e+01 5.000000000000071054e-02 0.000000000000000000e+00 0.000000000000000000e+00
1.487499999999996447e+01 4.999999999999893419e-02 0.000000000000000000e+00 0.000000000000000000e+00
1.492499999999996518e+01 4.999999999999893419e-02 0.000000000000000000e+00 0.000000000000000000e+00
1.497499999999996412e+01 5.000000000000071054e-02 0.000000000000000000e+00 0.000000000000000000e+00
1.502499999999996483e+01 5.000000000000071054e-02 0.000000000000000000e+00 0.000000000000000000e+00
1.507499999999996376e+01 4.999999999999893419e-02 0.000000000000000000e+00 0.000000000000000000e+00
1.512499999999996447e+01 4.999999999999893419e-02 0.000000000000000000e+00 0.000000000000000000e+00
1.517499999999996341e+01 5.000000000000071054e-02 0.000000000000000000e+00 0.000000000000000000e+00
1.522499999999996412e+01 5.000000000000071054e-02 0.000000000000000000e+00 0.000000000000000000e+00
1.527499999999996305e+01 4.999999999999893419e-02 0.000000000000000000e+00 0.000000000000000000e+00
1.532499999999996376e+01 4.999999999999893419e-02 0.000000000000000000e+00 0.000000000000000000e+00
1.537499999999996270e+01 5.000000000000071054e-02 0.000000000000000000e+00 0.000000000000000000e+00
1.542499999999996341e+01 5.000000000000071054e-02 0.000000000000000000e+00 0.000000000000000000e+00
1.547499999999996234e+01 4.999999999999893419e-02 0.000000000000000000e+00 0.000000000000000000e+00
1.552499999999996305e+01 4.999999999999893419e-02 0.000000000000000000e+00 0.000000000000000000e+00
1.557499999999996199e+01 5.000000000000071054e-02 0.000000000000000000e+00 0.000000000000000000e+00
1.562499999999996270e+01 5.000000000000071054e-02 0.000000000000000000e+00 0.000000000000000000e+00
1.567499999999996163e+01 4.999999999999893419e-02 0.000000000000000000e+00 0.000000000000000000e+00
1.572499999999996234e+01 4.999999999999893419e-02 0.000000000000000000e+00 0.000000000000000000e+00
1.577499999999996128e+01 5.000000000000071054e-02 0.000000000000000000e+00 0.000000000000000000e+00
1.582499999999996199e+01 5.000000000000071054e-02 0.000000000000000000e+00 0.000000000000000000e+00
1.587499999999996092e+01 4.999999999999893419e-02 0.000000000000000000e+00 0.000000000000000000e+00
1.592499999999996163e+01 4.999999999999893419e-02 0.000000000000000000e+00 0.000000000000000000e+00
