# [0] log10 Mass / Msun, [1] Bin width log10 Mass / Msun, [2] dN/dV (pc^-3), [3] dN/dVlogM (pc^-3 log10 Mass/Msun)
5.025000000000000355e+00 4.999999999999982236e-02 0.000000000000000000e+00 0.000000000000000000e+00
5.074999999999999289e+00 4.999999999999982236e-02 0.000000000000000000e+00 0.000000000000000000e+00
5.125000000000000000e+00 4.999999999999982236e-02 0.000000000000000000e+00 0.000000000000000000e+00
5.174999999999998934e+00 4.999999999999982236e-02 0.000000000000000000e+00 0.000000000000000000e+00
5.224999999999999645e+00 4.999999999999982236e-02 0.000000000000000000e+00 0.000000000000000000e+00
5.274999999999998579e+00 4.999999999999982236e-02 0.000000000000000000e+00 0.000000000000000000e+00
5.324999999999999289e+00 4.999999999999982236e-02 0.000000000000000000e+00 0.000000000000000000e+00
5.374999999999998224e+00 4.999999999999982236e-02 0.000000000000000000e+00 0.000000000000000000e+00
5.424999999999998934e+00 4.999999999999982236e-02 0.000000000000000000e+00 0.000000000000000000e+00
5.474999999999997868e+00 4.999999999999982236e-02 0.000000000000000000e+00 0.000000000000000000e+00
5.524999999999998579e+00 4.999999999999982236e-02 0.000000000000000000e+00 0.000000000000000000e+00
5.574999999999997513e+00 4.999999999999982236e-02 0.000000000000000000e+00 0.000000000000000000e+00
5.624999999999998224e+00 4.999999999999982236e-02 0.000000000000000000e+00 0.000000000000000000e+00
5.674999999999997158e+00 4.999999999999982236e-02 0.000000000000000000e+00 0.000000000000000000e+00
5.724999999999997868e+00 4.999999999999982236e-02 0.000000000000000000e+00 0.000000000000000000e+00
5.774999999999996803e+00 4.999999999999982236e-02 0.000000000000000000e+00 0.000000000000000000e+00
5.824999999999997513e+00 4.999999999999982236e-02 0.000000000000000000e+00 0.000000000000000000e+00
5.874999999999996447e+00 4.999999999999982236e-02 0.000000000000000000e+00 0.000000000000000000e+00
5.924999999999997158e+00 4.999999999999982236e-02 0.000000000000000000e+00 0.000000000000000000e+00
5.974999999999996092e+00 4.999999999999982236e-02 0.000000000000000000e+00 0.000000000000000000e+00
6.024999999999996803e+00 4.999999999999982236e-02 0.000000000000000000e+00 0.000000000000000000e+00
6.074999999999995737e+00 4.999999999999982236e-02 1.082418604545258962e-25 2.164837209090525637e-24
6.124999999999996447e+00 4.999999999999982236e-02 0.000000000000000000e+00 0.000000000000000000e+00
6.174999999999995381e+00 4.999999999999982236e-02 7.216124852031836015e-26 1.443224970406372346e-24
6.224999999999996092e+00 4.999999999999982236e-02 1.804031089748442563e-25 3.608062179496897616e-24
6.274999999999995026e+00 4.999999999999982236e-02 2.886449694293701525e-25 5.772899388587423620e-24
6.324999999999995737e+00 4.999999999999982236e-02 3.247255690376260444e-25 6.494511380752543663e-24
6.374999999999994671e+00 4.999999999999982236e-02 1.804031213007959004e-25 3.608062426015930497e-24
6.424999999999995381e+00 4.999999999999982236e-02 6.494509408600257835e-25 1.298901881720056122e-23
6.474999999999994316e+00 4.999999999999982236e-02 7.216122879879572963e-25 1.443224575975919588e-23
6.524999999999995026e+00 4.999999999999982236e-02 2.525643895426368911e-24 5.051287790852756041e-23
6.574999999999993960e+00 4.999999999999982236e-02 5.267764633880772218e-24 1.053552926776158205e-22
6.624999999999994671e+00 4.999999999999982236e-02 1.114888597651079598e-23 2.229777195302167189e-22
6.674999999999993605e+00 4.999999999999982236e-02 1.760738171542022526e-23 3.521476343084057748e-22
6.724999999999994316e+00 4.999999999999982236e-02 3.102954393972451538e-23 6.205908787944924705e-22
6.774999999999993250e+00 4.999999999999982236e-02 5.173963865768019455e-23 1.034792773153607653e-21
6.824999999999993960e+00 4.999999999999982236e-02 8.359665035532723806e-23 1.671933007106550780e-21
6.874999999999992895e+00 4.999999999999982236e-02 1.069036404633906584e-22 2.138072809267820691e-21
6.924999999999993605e+00 4.999999999999982236e-02 1.407133479587238604e-22 2.814266959174487363e-21
6.974999999999992539e+00 4.999999999999982236e-02 1.595612923336946488e-22 3.191225846673904260e-21
7.024999999999993250e+00 4.999999999999982236e-02 1.594207362530459898e-22 3.188414725060931080e-21
7.074999999999992184e+00 4.999999999999982236e-02 1.432065018289077967e-22 2.864130036578166090e-21
7.124999999999992895e+00 4.999999999999982236e-02 6.465266689831122277e-23 1.293053337966228969e-21
7.174999999999991829e+00 4.999999999999982236e-02 7.121477793939962151e-23 1.424295558787997508e-21
7.224999999999992539e+00 4.999999999999982236e-02 1.161991860955060719e-22 2.323983721910129713e-21
7.274999999999991473e+00 4.999999999999982236e-02 1.490643683409128102e-22 2.981287366818266737e-21
7.324999999999992184e+00 4.999999999999982236e-02 1.455292617435639944e-22 2.910585234871290045e-21
7.374999999999991118e+00 4.999999999999982236e-02 1.289660604985049928e-22 2.579321209970108883e-21
7.424999999999991829e+00 4.999999999999982236e-02 1.461646923581631403e-22 2.923293847163273339e-21
7.474999999999990763e+00 4.999999999999982236e-02 1.569403556186393921e-22 3.138807112372799127e-21
7.524999999999991473e+00 4.999999999999982236e-02 1.447875053007155397e-22 2.895750106014320950e-21
7.574999999999990408e+00 4.999999999999982236e-02 1.548717982420816132e-22 3.097435964841643172e-21
7.624999999999991118e+00 4.999999999999982236e-02 1.547629480589355971e-22 3.095258961178722850e-21
7.674999999999990052e+00 4.999999999999982236e-02 1.550129601679054819e-22 3.100259203358120547e-21
7.724999999999990763e+00 4.999999999999982236e-02 1.528129343883271900e-22 3.056258687766554709e-21
7.774999999999989697e+00 4.999999999999982236e-02 1.518001632037682462e-22 3.036003264075375833e-21
7.824999999999990408e+00 4.999999999999982236e-02 1.566727739995884249e-22 3.133455479991779782e-21
7.874999999999989342e+00 4.999999999999982236e-02 1.544701228909175575e-22 3.089402457818362058e-21
7.924999999999990052e+00 4.999999999999982236e-02 1.597797500064556931e-22 3.195595000129125148e-21
7.974999999999988987e+00 4.999999999999982236e-02 1.631563271162912944e-22 3.263126542325837549e-21
8.024999999999989697e+00 5.000000000000071054e-02 1.697537791259335945e-22 3.395075582518623741e-21
8.074999999999988631e+00 4.999999999999893419e-02 1.751348959721464791e-22 3.502697919443004061e-21
8.124999999999989342e+00 4.999999999999893419e-02 1.911570774757431856e-22 3.823141549514944961e-21
8.174999999999988276e+00 5.000000000000071054e-02 2.104940398813041001e-22 4.209880797626021816e-21
8.224999999999988987e+00 5.000000000000071054e-02 2.374775761915788427e-22 4.749551523831509146e-21
8.274999999999987921e+00 4.999999999999893419e-02 2.795721028619348473e-22 5.591442057238815811e-21
8.324999999999988631e+00 4.999999999999893419e-02 3.212788886201566201e-22 6.425577772403269323e-21
8.374999999999987566e+00 5.000000000000071054e-02 3.904328841960803210e-22 7.808657683921495076e-21
8.424999999999988276e+00 5.000000000000071054e-02 4.699948959853238315e-22 9.399897919706342717e-21
8.474999999999987210e+00 4.999999999999893419e-02 5.868402159601910879e-22 1.173680431920407153e-20
8.524999999999987921e+00 4.999999999999893419e-02 7.176898491084231533e-22 1.435379698216877001e-20
8.574999999999986855e+00 5.000000000000071054e-02 8.813625582623848802e-22 1.762725116524744784e-20
8.624999999999987566e+00 5.000000000000071054e-02 1.047200961969329681e-21 2.094401923938629569e-20
8.674999999999986500e+00 4.999999999999893419e-02 1.213774457822195629e-21 2.427548915644443017e-20
8.724999999999987210e+00 4.999999999999893419e-02 1.319755358218418407e-21 2.639510716436893087e-20
8.774999999999986144e+00 5.000000000000071054e-02 1.359736293020859375e-21 2.719472586041680232e-20
8.824999999999986855e+00 5.000000000000071054e-02 1.331734936816232274e-21 2.663469873632426632e-20
8.874999999999985789e+00 4.999999999999893419e-02 1.249671188350156023e-21 2.499342376700365310e-20
8.924999999999986500e+00 4.999999999999893419e-02 1.140210313267528515e-21 2.280420626535105780e-20
8.974999999999985434e+00 5.000000000000071054e-02 1.018803786916898885e-21 2.037607573833768881e-20
9.024999999999986144e+00 5.000000000000071054e-02 8.947347729696141967e-22 1.789469545939202815e-20
9.074999999999985079e+00 4.999999999999893419e-02 7.908816008287280151e-22 1.581763201657489734e-20
9.124999999999985789e+00 4.999999999999893419e-02 6.952372269151502976e-22 1.390474453830330086e-20
9.174999999999984723e+00 5.000000000000071054e-02 6.072878945203031871e-22 1.214575789040589071e-20
9.224999999999985434e+00 5.000000000000071054e-02 5.391747409553898145e-22 1.078349481910764282e-20
9.274999999999984368e+00 4.999999999999893419e-02 4.838812712979144782e-22 9.677625425958495699e-21
9.324999999999985079e+00 4.999999999999893419e-02 4.519071863310453948e-22 9.038143726621100489e-21
9.374999999999984013e+00 5.000000000000071054e-02 4.181914984338400539e-22 8.363829968676682212e-21
9.424999999999984723e+00 5.000000000000071054e-02 3.944989131153046030e-22 7.889978262305979212e-21
9.474999999999983658e+00 4.999999999999893419e-02 3.655944437028315207e-22 7.311888874056786896e-21
9.524999999999984368e+00 4.999999999999893419e-02 3.512868040450783701e-22 7.025736080901717866e-21
9.574999999999983302e+00 5.000000000000071054e-02 3.346656436115909703e-22 6.693312872231724614e-21
9.624999999999984013e+00 5.000000000000071054e-02 3.231788190896143555e-22 6.463576381792195328e-21
9.674999999999982947e+00 4.999999999999893419e-02 3.043168393014178748e-22 6.086336786028486895e-21
9.724999999999983658e+00 4.999999999999893419e-02 2.901772207055895580e-22 5.803544414111914540e-21
9.774999999999982592e+00 5.000000000000071054e-02 2.728855916115367158e-22 5.457711832230656828e-21
9.824999999999983302e+00 5.000000000000071054e-02 2.679370482204235835e-22 5.358740964408395686e-21
9.874999999999982236e+00 4.999999999999893419e-02 2.578590156792013440e-22 5.157180313584136717e-21
9.924999999999982947e+00 4.999999999999893419e-02 2.500783480423744274e-22 5.001566960847595377e-21
9.974999999999981881e+00 5.000000000000071054e-02 2.397999826965495015e-22 4.795999653930921569e-21
1.002499999999998259e+01 5.000000000000071054e-02 2.363426262300192686e-22 4.726852524600318416e-21
1.007499999999998153e+01 4.999999999999893419e-02 2.328351865623383642e-22 4.656703731246866589e-21
1.012499999999998224e+01 4.999999999999893419e-02 2.306299101245749212e-22 4.612598202491596978e-21
1.017499999999998117e+01 5.000000000000071054e-02 2.309530275513534477e-22 4.619060551027003502e-21
1.022499999999998188e+01 5.000000000000071054e-02 2.219525916284375938e-22 4.439051832568688682e-21
1.027499999999998082e+01 4.999999999999893419e-02 2.042069825497609220e-22 4.084139650995305708e-21
1.032499999999998153e+01 4.999999999999893419e-02 1.789004256844667315e-22 3.578008513689410615e-21
1.037499999999998046e+01 5.000000000000071054e-02 1.661372873267149373e-22 3.322745746534251351e-21
1.042499999999998117e+01 5.000000000000071054e-02 1.405463871258556436e-22 2.810927742517073000e-21
1.047499999999998010e+01 4.999999999999893419e-02 1.169782020166299254e-22 2.339564040332648538e-21
1.052499999999998082e+01 4.999999999999893419e-02 9.199799375238204671e-23 1.839959875047680055e-21
1.057499999999997975e+01 5.000000000000071054e-02 7.725091439421010020e-23 1.545018287884179999e-21
1.062499999999998046e+01 5.000000000000071054e-02 6.355073549880057933e-23 1.271014709975993531e-21
1.067499999999997939e+01 4.999999999999893419e-02 5.599301888645084601e-23 1.119860377729040806e-21
1.072499999999998010e+01 4.999999999999893419e-02 4.601838392179773494e-23 9.203676784359742591e-22
1.077499999999997904e+01 5.000000000000071054e-02 3.755916968873591286e-23 7.511833937747075367e-22
1.082499999999997975e+01 5.000000000000071054e-02 3.394348568308420205e-23 6.788697136616743549e-22
1.087499999999997868e+01 4.999999999999893419e-02 2.624359740295191709e-23 5.248719480590495325e-22
1.092499999999997939e+01 4.999999999999893419e-02 2.454399973809686804e-23 4.908799947619477992e-22
1.097499999999997833e+01 5.000000000000071054e-02 1.930303507574916926e-23 3.860607015149778838e-22
1.102499999999997904e+01 5.000000000000071054e-02 1.706383130817398106e-23 3.412766261634747781e-22
1.107499999999997797e+01 4.999999999999893419e-02 1.492802511716792132e-23 2.985605023433647741e-22
1.112499999999997868e+01 4.999999999999893419e-02 1.189395247971755809e-23 2.378790495943562399e-22
1.117499999999997762e+01 5.000000000000071054e-02 1.012003780670344796e-23 2.024007561340660910e-22
1.122499999999997833e+01 5.000000000000071054e-02 7.916376956073897670e-24 1.583275391214756964e-22
1.127499999999997726e+01 4.999999999999893419e-02 7.376770853353758522e-24 1.475354170670783208e-22
1.132499999999997797e+01 4.999999999999893419e-02 7.157051003144360546e-24 1.431410200628902672e-22
1.137499999999997691e+01 5.000000000000071054e-02 5.890430690172536919e-24 1.178086138034490692e-22
1.142499999999997762e+01 5.000000000000071054e-02 4.410552875526885845e-24 8.821105751053645911e-23
1.147499999999997655e+01 4.999999999999893419e-02 3.796629764647685617e-24 7.593259529295533452e-23
1.152499999999997726e+01 4.999999999999893419e-02 2.998529720504725321e-24 5.997059441009578772e-23
1.157499999999997620e+01 5.000000000000071054e-02 2.568783542889285162e-24 5.137567085778497444e-23
1.162499999999997691e+01 5.000000000000071054e-02 2.022715091633575486e-24 4.045430183267093373e-23
1.167499999999997584e+01 4.999999999999893419e-02 2.132575016738274474e-24 4.265150033476640049e-23
1.172499999999997655e+01 4.999999999999893419e-02 1.592968914018135327e-24 3.185937828036338833e-23
1.177499999999997549e+01 5.000000000000071054e-02 1.334474972595314179e-24 2.668949945190590154e-23
1.182499999999997620e+01 5.000000000000071054e-02 1.195534479080547811e-24 2.391068958161061533e-23
1.187499999999997513e+01 4.999999999999893419e-02 9.758146288711498352e-25 1.951629257742341400e-23
1.192499999999997584e+01 4.999999999999893419e-02 6.850089447704760433e-25 1.370017889540981180e-23
1.197499999999997478e+01 5.000000000000071054e-02 4.362085261510106879e-25 8.724170523020090332e-24
1.202499999999997549e+01 5.000000000000071054e-02 3.231174267785264355e-25 6.462348535570436874e-24
1.207499999999997442e+01 4.999999999999893419e-02 3.974344349375875157e-25 7.948688698751919291e-24
1.212499999999997513e+01 4.999999999999893419e-02 1.809457589959748039e-25 3.618915179919573219e-24
1.217499999999997407e+01 5.000000000000071054e-02 1.098599251046989881e-25 2.197198502093948537e-24
1.222499999999997478e+01 5.000000000000071054e-02 4.329773518832254236e-25 8.659547037664385044e-24
1.227499999999997371e+01 4.999999999999893419e-02 1.454028420503368960e-25 2.908056841006800000e-24
1.232499999999997442e+01 4.999999999999893419e-02 1.066287508369137237e-25 2.132575016738320025e-24
1.237499999999997335e+01 5.000000000000071054e-02 7.431700815906108016e-26 1.486340163181200481e-24
1.242499999999997407e+01 5.000000000000071054e-02 1.421716677825516316e-25 2.843433355650992225e-24
1.247499999999997300e+01 4.999999999999893419e-02 3.877409121342317226e-26 7.754818242684799756e-25
1.252499999999997371e+01 4.999999999999893419e-02 3.554291694563790790e-26 7.108583389127733109e-25
1.257499999999997264e+01 5.000000000000071054e-02 7.108583389127581581e-26 1.421716677825496112e-24
1.262499999999997335e+01 5.000000000000071054e-02 3.554291694563790790e-26 7.108583389127480562e-25
1.267499999999997229e+01 4.999999999999893419e-02 0.000000000000000000e+00 0.000000000000000000e+00
1.272499999999997300e+01 4.999999999999893419e-02 3.877409121342317226e-26 7.754818242684799756e-25
1.277499999999997193e+01 5.000000000000071054e-02 7.108583389127581581e-26 1.421716677825496112e-24
1.282499999999997264e+01 5.000000000000071054e-02 0.000000000000000000e+00 0.000000000000000000e+00
1.287499999999997158e+01 4.999999999999893419e-02 0.000000000000000000e+00 0.000000000000000000e+00
1.292499999999997229e+01 4.999999999999893419e-02 3.554291694563790790e-26 7.108583389127733109e-25
1.297499999999997122e+01 5.000000000000071054e-02 3.554291694563790790e-26 7.108583389127480562e-25
1.302499999999997193e+01 5.000000000000071054e-02 3.877409121342317226e-26 7.754818242684524249e-25
1.307499999999997087e+01 4.999999999999893419e-02 0.000000000000000000e+00 0.000000000000000000e+00
1.312499999999997158e+01 4.999999999999893419e-02 0.000000000000000000e+00 0.000000000000000000e+00
1.317499999999997051e+01 5.000000000000071054e-02 0.000000000000000000e+00 0.000000000000000000e+00
1.322499999999997122e+01 5.000000000000071054e-02 0.000000000000000000e+00 0.000000000000000000e+00
1.327499999999997016e+01 4.999999999999893419e-02 0.000000000000000000e+00 0.000000000000000000e+00
1.332499999999997087e+01 4.999999999999893419e-02 0.000000000000000000e+00 0.000000000000000000e+00
1.337499999999996980e+01 5.000000000000071054e-02 0.000000000000000000e+00 0.000000000000000000e+00
1.342499999999997051e+01 5.000000000000071054e-02 0.000000000000000000e+00 0.000000000000000000e+00
1.347499999999996945e+01 4.999999999999893419e-02 0.000000000000000000e+00 0.000000000000000000e+00
1.352499999999997016e+01 4.999999999999893419e-02 0.000000000000000000e+00 0.000000000000000000e+00
1.357499999999996909e+01 5.000000000000071054e-02 0.000000000000000000e+00 0.000000000000000000e+00
1.362499999999996980e+01 5.000000000000071054e-02 0.000000000000000000e+00 0.000000000000000000e+00
1.367499999999996874e+01 4.999999999999893419e-02 0.000000000000000000e+00 0.000000000000000000e+00
1.372499999999996945e+01 4.999999999999893419e-02 0.000000000000000000e+00 0.000000000000000000e+00
1.377499999999996838e+01 5.000000000000071054e-02 0.000000000000000000e+00 0.000000000000000000e+00
1.382499999999996909e+01 5.000000000000071054e-02 0.000000000000000000e+00 0.000000000000000000e+00
1.387499999999996803e+01 4.999999999999893419e-02 0.000000000000000000e+00 0.000000000000000000e+00
1.392499999999996874e+01 4.999999999999893419e-02 0.000000000000000000e+00 0.000000000000000000e+00
1.397499999999996767e+01 5.000000000000071054e-02 0.000000000000000000e+00 0.000000000000000000e+00
1.402499999999996838e+01 5.000000000000071054e-02 0.000000000000000000e+00 0.000000000000000000e+00
1.407499999999996732e+01 4.999999999999893419e-02 0.000000000000000000e+00 0.000000000000000000e+00
1.412499999999996803e+01 4.999999999999893419e-02 0.000000000000000000e+00 0.000000000000000000e+00
1.417499999999996696e+01 5.000000000000071054e-02 0.000000000000000000e+00 0.000000000000000000e+00
1.422499999999996767e+01 5.000000000000071054e-02 0.000000000000000000e+00 0.000000000000000000e+00
1.427499999999996660e+01 4.999999999999893419e-02 0.000000000000000000e+00 0.000000000000000000e+00
1.432499999999996732e+01 4.999999999999893419e-02 0.000000000000000000e+00 0.000000000000000000e+00
1.437499999999996625e+01 5.000000000000071054e-02 0.000000000000000000e+00 0.000000000000000000e+00
1.442499999999996696e+01 5.000000000000071054e-02 0.000000000000000000e+00 0.000000000000000000e+00
1.447499999999996589e+01 4.999999999999893419e-02 0.000000000000000000e+00 0.000000000000000000e+00
1.452499999999996660e+01 4.999999999999893419e-02 0.000000000000000000e+00 0.000000000000000000e+00
1.457499999999996554e+01 5.000000000000071054e-02 0.000000000000000000e+00 0.000000000000000000e+00
1.462499999999996625e+01 5.000000000000071054e-02 0.000000000000000000e+00 0.000000000000000000e+00
1.467499999999996518e+01 4.999999999999893419e-02 0.000000000000000000e+00 0.000000000000000000e+00
1.472499999999996589e+01 4.999999999999893419e-02 0.000000000000000000e+00 0.000000000000000000e+00
1.477499999999996483e+01 5.000000000000071054e-02 0.000000000000000000e+00 0.000000000000000000e+00
1.482499999999996554e+01 5.000000000000071054e-02 0.000000000000000000e+00 0.000000000000000000e+00
1.487499999999996447e+01 4.999999999999893419e-02 0.000000000000000000e+00 0.000000000000000000e+00
1.492499999999996518e+01 4.999999999999893419e-02 0.000000000000000000e+00 0.000000000000000000e+00
1.497499999999996412e+01 5.000000000000071054e-02 0.000000000000000000e+00 0.000000000000000000e+00
1.502499999999996483e+01 5.000000000000071054e-02 0.000000000000000000e+00 0.000000000000000000e+00
1.507499999999996376e+01 4.999999999999893419e-02 0.000000000000000000e+00 0.000000000000000000e+00
1.512499999999996447e+01 4.999999999999893419e-02 0.000000000000000000e+00 0.000000000000000000e+00
1.517499999999996341e+01 5.000000000000071054e-02 0.000000000000000000e+00 0.000000000000000000e+00
1.522499999999996412e+01 5.000000000000071054e-02 0.000000000000000000e+00 0.000000000000000000e+00
1.527499999999996305e+01 4.999999999999893419e-02 0.000000000000000000e+00 0.000000000000000000e+00
1.532499999999996376e+01 4.999999999999893419e-02 0.000000000000000000e+00 0.000000000000000000e+00
1.537499999999996270e+01 5.000000000000071054e-02 0.000000000000000000e+00 0.000000000000000000e+00
1.542499999999996341e+01 5.000000000000071054e-02 0.000000000000000000e+00 0.000000000000000000e+00
1.547499999999996234e+01 4.999999999999893419e-02 0.000000000000000000e+00 0.000000000000000000e+00
1.552499999999996305e+01 4.999999999999893419e-02 0.000000000000000000e+00 0.000000000000000000e+00
1.557499999999996199e+01 5.000000000000071054e-02 0.000000000000000000e+00 0.000000000000000000e+00
1.562499999999996270e+01 5.000000000000071054e-02 0.000000000000000000e+00 0.000000000000000000e+00
1.567499999999996163e+01 4.999999999999893419e-02 0.000000000000000000e+00 0.000000000000000000e+00
1.572499999999996234e+01 4.999999999999893419e-02 0.000000000000000000e+00 0.000000000000000000e+00
1.577499999999996128e+01 5.000000000000071054e-02 0.000000000000000000e+00 0.000000000000000000e+00
1.582499999999996199e+01 5.000000000000071054e-02 0.000000000000000000e+00 0.000000000000000000e+00
1.587499999999996092e+01 4.999999999999893419e-02 0.000000000000000000e+00 0.000000000000000000e+00
1.592499999999996163e+01 4.999999999999893419e-02 0.000000000000000000e+00 0.000000000000000000e+00
