0.000000000000000000e+00
0.000000000000000000e+00
0.000000000000000000e+00
0.000000000000000000e+00
0.000000000000000000e+00
0.000000000000000000e+00
0.000000000000000000e+00
0.000000000000000000e+00
0.000000000000000000e+00
0.000000000000000000e+00
0.000000000000000000e+00
0.000000000000000000e+00
0.000000000000000000e+00
0.000000000000000000e+00
0.000000000000000000e+00
0.000000000000000000e+00
0.000000000000000000e+00
0.000000000000000000e+00
0.000000000000000000e+00
0.000000000000000000e+00
0.000000000000000000e+00
0.000000000000000000e+00
0.000000000000000000e+00
1.587983303801541545e-31
0.000000000000000000e+00
0.000000000000000000e+00
0.000000000000000000e+00
0.000000000000000000e+00
0.000000000000000000e+00
0.000000000000000000e+00
0.000000000000000000e+00
0.000000000000000000e+00
6.462407961614300683e-30
1.349199955929734837e-29
2.058722711276648090e-29
2.502026849725897628e-29
2.693445534559794622e-29
2.646417048397064169e-29
2.315931143200184993e-29
2.208381168110836569e-29
2.098382263753134384e-29
1.982456489038569244e-29
1.928438549849938276e-29
1.554345214152303872e-29
1.409932562440054011e-29
1.407343714169564198e-29
1.351127495718968025e-29
1.235273600106827005e-29
1.112317575988575651e-29
1.128292981959457967e-29
1.044627410697815413e-29
1.019216949578060851e-29
9.789652070476067295e-30
9.628682299663455044e-30
9.732234727910454893e-30
9.301733106804031603e-30
9.981337542079981262e-30
1.068603985386121793e-29
1.126026689904000582e-29
1.228708707575122389e-29
1.342289863029058595e-29
1.511348242499584560e-29
1.723281889964866254e-29
1.983294339613630683e-29
2.260807651878282455e-29
2.537492871716020427e-29
2.808673129871243016e-29
2.970292476603655336e-29
2.952212212390201867e-29
2.731240806155963548e-29
2.351866009507412783e-29
1.881819307003517274e-29
1.405727876269297842e-29
1.008824391595269683e-29
7.077428634363734058e-30
4.981545882046509879e-30
3.566100377773342513e-30
2.716542359799697318e-30
1.997268428036344036e-30
1.502045326397987099e-30
1.098416271739119708e-30
8.004061659800488283e-31
5.766020371637455725e-31
3.988802434702106183e-31
2.835757051381466196e-31
1.880055192111539134e-31
1.276198229523936060e-31
8.007713872271798018e-32
4.869846342167984882e-32
3.118889437069874171e-32
1.737747068143566933e-32
1.194500344729071658e-32
6.210109710215761171e-33
4.717159811006421783e-33
2.593020821830521729e-33
1.648934737258534240e-33
1.324177728238680533e-33
7.351669104657210514e-34
7.532043664707400373e-34
5.616810907279795185e-34
4.261920628884650046e-34
3.670043580139612936e-34
2.788083304342465970e-34
2.466995249819368453e-34
1.334855036621424563e-34
1.429185940184879657e-34
1.206376699592487904e-34
6.304449326589494616e-35
5.130093670960313152e-35
7.577131887159130845e-35
3.676192725798070560e-35
3.842310741313180129e-35
2.869927558780988686e-35
1.845122437722791867e-35
1.429908155647270935e-35
1.794525712815489617e-35
1.272723857276230237e-35
7.036156788447393088e-36
9.935891682398162452e-36
5.492981946610160443e-36
1.950019680120848747e-36
5.130593547498099391e-36
0.000000000000000000e+00
6.575944760300876868e-37
1.795894084285935528e-36
2.076816595227293606e-36
9.278055887575066887e-37
8.197724441789555865e-37
1.078429939809829008e-36
6.257576128246736268e-37
8.544737190107844248e-37
9.881346652649467174e-37
0.000000000000000000e+00
3.900419380236836080e-37
0.000000000000000000e+00
4.533631925083634024e-37
1.315317104125578789e-37
0.000000000000000000e+00
0.000000000000000000e+00
0.000000000000000000e+00
0.000000000000000000e+00
2.157070044134816472e-37
0.000000000000000000e+00
0.000000000000000000e+00
5.107710523682538329e-38
8.829727186397301755e-38
0.000000000000000000e+00
0.000000000000000000e+00
0.000000000000000000e+00
0.000000000000000000e+00
0.000000000000000000e+00
0.000000000000000000e+00
0.000000000000000000e+00
0.000000000000000000e+00
0.000000000000000000e+00
0.000000000000000000e+00
0.000000000000000000e+00
0.000000000000000000e+00
0.000000000000000000e+00
0.000000000000000000e+00
0.000000000000000000e+00
0.000000000000000000e+00
0.000000000000000000e+00
0.000000000000000000e+00
0.000000000000000000e+00
0.000000000000000000e+00
0.000000000000000000e+00
0.000000000000000000e+00
0.000000000000000000e+00
0.000000000000000000e+00
0.000000000000000000e+00
0.000000000000000000e+00
0.000000000000000000e+00
0.000000000000000000e+00
0.000000000000000000e+00
0.000000000000000000e+00
0.000000000000000000e+00
0.000000000000000000e+00
0.000000000000000000e+00
0.000000000000000000e+00
0.000000000000000000e+00
0.000000000000000000e+00
0.000000000000000000e+00
0.000000000000000000e+00
0.000000000000000000e+00
0.000000000000000000e+00
0.000000000000000000e+00
0.000000000000000000e+00
0.000000000000000000e+00
0.000000000000000000e+00
0.000000000000000000e+00
0.000000000000000000e+00
0.000000000000000000e+00
0.000000000000000000e+00
0.000000000000000000e+00
0.000000000000000000e+00
0.000000000000000000e+00
0.000000000000000000e+00
0.000000000000000000e+00
