0.000000000000000000e+00
0.000000000000000000e+00
0.000000000000000000e+00
0.000000000000000000e+00
0.000000000000000000e+00
0.000000000000000000e+00
0.000000000000000000e+00
0.000000000000000000e+00
0.000000000000000000e+00
0.000000000000000000e+00
0.000000000000000000e+00
0.000000000000000000e+00
0.000000000000000000e+00
0.000000000000000000e+00
0.000000000000000000e+00
0.000000000000000000e+00
0.000000000000000000e+00
0.000000000000000000e+00
0.000000000000000000e+00
0.000000000000000000e+00
0.000000000000000000e+00
0.000000000000000000e+00
0.000000000000000000e+00
0.000000000000000000e+00
0.000000000000000000e+00
0.000000000000000000e+00
0.000000000000000000e+00
0.000000000000000000e+00
0.000000000000000000e+00
0.000000000000000000e+00
0.000000000000000000e+00
0.000000000000000000e+00
0.000000000000000000e+00
0.000000000000000000e+00
0.000000000000000000e+00
0.000000000000000000e+00
0.000000000000000000e+00
0.000000000000000000e+00
0.000000000000000000e+00
0.000000000000000000e+00
0.000000000000000000e+00
0.000000000000000000e+00
0.000000000000000000e+00
0.000000000000000000e+00
0.000000000000000000e+00
0.000000000000000000e+00
5.642617519980595216e-31
9.971187038661924832e-31
2.936717506667340618e-31
1.946074756494256637e-30
1.260948764386788029e-30
1.620544785961602309e-30
7.159245539163321429e-31
1.581407293272502202e-30
1.606859412426138798e-30
1.975315521455407958e-30
2.454343375605304564e-30
3.421504821536889102e-30
4.598523986871169908e-30
7.035138315253460989e-30
8.044201307616461433e-30
8.253003115263866128e-30
9.471863131625381973e-30
9.125620724966452339e-30
1.010918958152184822e-29
9.791283019271238733e-30
9.948084983821183232e-30
1.046662939423049742e-29
1.207536681377737164e-29
1.351665674909449887e-29
1.734064815834922793e-29
2.298653447983869982e-29
2.735271369995487615e-29
3.587949330547636799e-29
5.173708018279629141e-29
9.859763292382234295e-29
1.925939370758860818e-28
2.257527200351760363e-28
1.823258287620550390e-28
1.448568672762828270e-28
1.147876168755057014e-28
9.188540836538120675e-29
7.325326210004543472e-29
5.798629908682377690e-29
4.599001120652333215e-29
3.609764054328615721e-29
2.861670043472203531e-29
2.251426983739252510e-29
1.784137594568288597e-29
1.381950020040938436e-29
1.115115385957343047e-29
9.183259608325003435e-30
7.419899018481493520e-30
5.916456013268324428e-30
4.741558448751708306e-30
3.630006847804357001e-30
2.875701382866355123e-30
2.279866151722484595e-30
1.706485161534717296e-30
1.352439410682953330e-30
1.101424587695581594e-30
8.818304217173176906e-31
6.641319034357769488e-31
5.559853686474756340e-31
4.394053823702743487e-31
3.534390705668859269e-31
2.796440037299269389e-31
2.331476353024931433e-31
1.901105518470737803e-31
1.530147662241163972e-31
1.221811045777440015e-31
9.489002295907782859e-32
7.820389268467531911e-32
6.067999528822074695e-32
4.996263034346225355e-32
3.849523211605920039e-32
3.076834810627300572e-32
2.492206734468066777e-32
1.817457764367338524e-32
1.484988433680724091e-32
1.217228284593835462e-32
1.031877226436513266e-32
7.573539991656144492e-33
6.269864422366872495e-33
5.298943956928383503e-33
3.671625060218463890e-33
3.008564255811008242e-33
2.500269520414962094e-33
1.944908156523899409e-33
1.588741691906134853e-33
1.409781110047910652e-33
1.048088903382145732e-33
8.183771026326918364e-34
6.126952114448477464e-34
4.398955359319504535e-34
3.735171377083829357e-34
3.434173384589693077e-34
1.903410616367403356e-34
1.723599014983226627e-34
1.053100093652433277e-34
9.969404245728890119e-35
8.808572598138594402e-35
6.098886590113935888e-35
5.042891537045519000e-35
4.654678807668956155e-35
3.491077913341795366e-35
2.452129210694456513e-35
2.303855684728460785e-35
1.234350805467526082e-35
7.653499745036619873e-36
1.203694860000421249e-35
7.229663863694178432e-36
6.414242054832312680e-36
3.964827749779861197e-36
3.544379218245727774e-36
3.095258946861186295e-36
1.833957424219499859e-36
8.244203873778632334e-37
8.916931078140275233e-37
6.325112413444557831e-37
6.961263499956752928e-37
6.150698015923241484e-37
9.797434243028175683e-37
6.762989595937986129e-37
2.569469734419994400e-37
2.270282168972715108e-37
2.659025914320390992e-37
1.154096375763459283e-37
1.056132422606807392e-37
4.504895745874764872e-38
0.000000000000000000e+00
7.033757702523342530e-38
0.000000000000000000e+00
1.137444013335074673e-37
2.425863739793337353e-38
0.000000000000000000e+00
0.000000000000000000e+00
1.673306114008832991e-38
2.956934641399499302e-38
0.000000000000000000e+00
0.000000000000000000e+00
0.000000000000000000e+00
0.000000000000000000e+00
0.000000000000000000e+00
0.000000000000000000e+00
0.000000000000000000e+00
0.000000000000000000e+00
0.000000000000000000e+00
0.000000000000000000e+00
0.000000000000000000e+00
0.000000000000000000e+00
0.000000000000000000e+00
0.000000000000000000e+00
0.000000000000000000e+00
0.000000000000000000e+00
0.000000000000000000e+00
0.000000000000000000e+00
0.000000000000000000e+00
0.000000000000000000e+00
