0.000000000000000000e+00
0.000000000000000000e+00
0.000000000000000000e+00
0.000000000000000000e+00
0.000000000000000000e+00
0.000000000000000000e+00
0.000000000000000000e+00
0.000000000000000000e+00
0.000000000000000000e+00
0.000000000000000000e+00
0.000000000000000000e+00
0.000000000000000000e+00
0.000000000000000000e+00
0.000000000000000000e+00
0.000000000000000000e+00
3.492151283298567139e-29
8.485199940370966008e-29
1.431281791338298970e-28
2.288365457546722306e-28
2.607197990981771156e-28
3.243867491215452918e-28
3.323092408351404108e-28
4.000506042229376756e-28
3.015846992573104049e-28
3.295041186699531784e-28
4.101232150951497155e-28
3.042107653819750498e-28
1.956623190559286864e-28
2.549536239338958482e-28
2.499537632852120689e-28
2.249390937797912824e-28
2.481330129235811773e-28
2.234976468645615605e-28
2.191016546911740824e-28
2.027291268208022702e-28
2.253724556265899164e-28
2.192381048197009308e-28
2.653482213495517421e-28
2.298939291274038152e-28
2.729162691413924971e-28
3.023839090282943064e-28
3.258387775614259724e-28
3.520814142637281144e-28
3.552535166726568535e-28
4.042239814669782140e-28
4.416564238604071279e-28
4.874588539595914830e-28
5.244162110268860901e-28
5.398449900596514477e-28
5.856923233041450447e-28
5.627685184962533466e-28
5.624582817300951532e-28
5.167408087310855866e-28
4.724628794438147305e-28
3.853165763378246777e-28
3.116887627538044448e-28
2.457840276028533057e-28
2.063718724337983133e-28
1.607998897533998387e-28
1.239078120425224073e-28
9.794709525052705168e-29
7.523620517725930472e-29
5.980741312508094478e-29
4.997777455025319335e-29
3.650156946395505705e-29
2.772327296290526250e-29
2.187014160537071615e-29
1.672476009993430233e-29
1.361687938585154107e-29
1.008974388941391233e-29
8.481202127453326129e-30
6.710228212008917433e-30
5.484978544049010940e-30
4.733296716952236916e-30
3.330451602125823429e-30
2.594934523291517666e-30
2.045161412518206120e-30
1.653062317511657131e-30
1.195671455493855808e-30
8.824821496123536955e-31
7.042690425787188349e-31
4.913913031391427390e-31
3.490846109222889058e-31
2.409667197766073096e-31
1.567007992986673392e-31
1.008311031657334816e-31
8.244185158254477599e-32
5.521921612307888523e-32
4.671337272872431592e-32
2.384725471810939465e-32
2.512251232898083669e-32
1.145665113072604975e-32
3.163326662040199943e-33
4.471985184654736758e-33
2.963452367806310547e-33
1.745593128705494320e-33
1.156752958001605934e-33
2.044122629099809798e-33
1.204070783911156826e-33
7.979021101930176034e-34
9.399931350768562489e-34
8.305408796742745963e-34
1.834582953506730889e-34
3.241930357111331641e-34
1.432220933410281378e-34
3.796361876063913212e-34
2.236210467537294610e-34
1.975827417817738607e-34
0.000000000000000000e+00
7.712437813715544488e-35
0.000000000000000000e+00
0.000000000000000000e+00
0.000000000000000000e+00
9.400847280464727818e-35
0.000000000000000000e+00
0.000000000000000000e+00
0.000000000000000000e+00
2.864720978153581624e-35
0.000000000000000000e+00
2.236428363976993990e-35
0.000000000000000000e+00
0.000000000000000000e+00
1.542637862794454916e-35
0.000000000000000000e+00
0.000000000000000000e+00
0.000000000000000000e+00
0.000000000000000000e+00
0.000000000000000000e+00
0.000000000000000000e+00
0.000000000000000000e+00
0.000000000000000000e+00
0.000000000000000000e+00
0.000000000000000000e+00
0.000000000000000000e+00
0.000000000000000000e+00
0.000000000000000000e+00
0.000000000000000000e+00
0.000000000000000000e+00
0.000000000000000000e+00
0.000000000000000000e+00
0.000000000000000000e+00
0.000000000000000000e+00
0.000000000000000000e+00
0.000000000000000000e+00
0.000000000000000000e+00
0.000000000000000000e+00
0.000000000000000000e+00
0.000000000000000000e+00
0.000000000000000000e+00
0.000000000000000000e+00
0.000000000000000000e+00
0.000000000000000000e+00
0.000000000000000000e+00
0.000000000000000000e+00
0.000000000000000000e+00
0.000000000000000000e+00
0.000000000000000000e+00
0.000000000000000000e+00
0.000000000000000000e+00
0.000000000000000000e+00
0.000000000000000000e+00
0.000000000000000000e+00
0.000000000000000000e+00
0.000000000000000000e+00
0.000000000000000000e+00
0.000000000000000000e+00
0.000000000000000000e+00
0.000000000000000000e+00
0.000000000000000000e+00
0.000000000000000000e+00
0.000000000000000000e+00
0.000000000000000000e+00
0.000000000000000000e+00
0.000000000000000000e+00
0.000000000000000000e+00
0.000000000000000000e+00
0.000000000000000000e+00
0.000000000000000000e+00
0.000000000000000000e+00
0.000000000000000000e+00
0.000000000000000000e+00
0.000000000000000000e+00
0.000000000000000000e+00
0.000000000000000000e+00
0.000000000000000000e+00
0.000000000000000000e+00
0.000000000000000000e+00
0.000000000000000000e+00
0.000000000000000000e+00
0.000000000000000000e+00
0.000000000000000000e+00
0.000000000000000000e+00
0.000000000000000000e+00
0.000000000000000000e+00
0.000000000000000000e+00
0.000000000000000000e+00
0.000000000000000000e+00
0.000000000000000000e+00
0.000000000000000000e+00
