0.000000000000000000e+00
0.000000000000000000e+00
0.000000000000000000e+00
0.000000000000000000e+00
0.000000000000000000e+00
0.000000000000000000e+00
0.000000000000000000e+00
0.000000000000000000e+00
0.000000000000000000e+00
0.000000000000000000e+00
0.000000000000000000e+00
0.000000000000000000e+00
0.000000000000000000e+00
0.000000000000000000e+00
0.000000000000000000e+00
0.000000000000000000e+00
0.000000000000000000e+00
0.000000000000000000e+00
0.000000000000000000e+00
2.048522622797326958e-27
1.016874480718527910e-26
1.120978853339999256e-26
1.140543445497972908e-26
1.122196274634792726e-26
9.107391669435318357e-27
5.976346989787850586e-27
3.357044969901696567e-27
1.426755904998656193e-27
9.865003883424252944e-28
8.454067340349925657e-28
7.033494912065616294e-28
5.503944015207306524e-28
4.607677088756783522e-28
4.268608489428126130e-28
3.663577575078557738e-28
3.405815477255568412e-28
3.236234709094856543e-28
2.830758019793834079e-28
2.435326561170247015e-28
2.567795025217035285e-28
2.166034406170629259e-28
1.948746386701775905e-28
1.798978654826936797e-28
1.526798815277148355e-28
1.382744728021725171e-28
1.249408774968958990e-28
1.041867634466595143e-28
8.441173485477127239e-29
7.238063097617845184e-29
5.954214316646790114e-29
5.134830624855127096e-29
3.777402576257211370e-29
3.158606155533735047e-29
2.664323801415086602e-29
2.186441051373080613e-29
1.870132576522826445e-29
1.494227281188857502e-29
1.445518602151283955e-29
1.387894203325611385e-29
1.621258864308656724e-29
1.282917501415115067e-29
9.191620694957908222e-30
6.071555171917110820e-30
4.332935499999015146e-30
2.815603859872227163e-30
2.344576344829302174e-30
1.786931309766371081e-30
1.313389682033270246e-30
1.074042163707238506e-30
8.180873423849118104e-31
5.879015111075600844e-31
4.428069378483042534e-31
2.558151858678550796e-31
2.659155458961930960e-31
2.173310569288456015e-31
1.453163333043250018e-31
1.238102200403398309e-31
5.267110325404789555e-32
4.295825588600679738e-32
4.744527686087922694e-32
3.633133949810851272e-32
2.469303030849963818e-32
3.054490345570027871e-32
1.734960382391572611e-32
5.109808672782630895e-33
1.203953470635623847e-32
3.989121850768295745e-33
2.349753877577824831e-33
1.038074949527207043e-33
9.172021045426690118e-34
1.620807247031021733e-33
7.160406956703781094e-34
6.326653324080400570e-34
5.589981480818420948e-34
4.939087279677184245e-34
0.000000000000000000e+00
0.000000000000000000e+00
0.000000000000000000e+00
0.000000000000000000e+00
0.000000000000000000e+00
0.000000000000000000e+00
0.000000000000000000e+00
0.000000000000000000e+00
0.000000000000000000e+00
0.000000000000000000e+00
0.000000000000000000e+00
0.000000000000000000e+00
0.000000000000000000e+00
0.000000000000000000e+00
0.000000000000000000e+00
0.000000000000000000e+00
0.000000000000000000e+00
0.000000000000000000e+00
0.000000000000000000e+00
0.000000000000000000e+00
0.000000000000000000e+00
0.000000000000000000e+00
0.000000000000000000e+00
0.000000000000000000e+00
0.000000000000000000e+00
0.000000000000000000e+00
0.000000000000000000e+00
0.000000000000000000e+00
0.000000000000000000e+00
0.000000000000000000e+00
0.000000000000000000e+00
0.000000000000000000e+00
0.000000000000000000e+00
0.000000000000000000e+00
0.000000000000000000e+00
0.000000000000000000e+00
0.000000000000000000e+00
0.000000000000000000e+00
0.000000000000000000e+00
0.000000000000000000e+00
0.000000000000000000e+00
0.000000000000000000e+00
0.000000000000000000e+00
0.000000000000000000e+00
0.000000000000000000e+00
0.000000000000000000e+00
0.000000000000000000e+00
0.000000000000000000e+00
0.000000000000000000e+00
0.000000000000000000e+00
0.000000000000000000e+00
0.000000000000000000e+00
0.000000000000000000e+00
0.000000000000000000e+00
0.000000000000000000e+00
0.000000000000000000e+00
0.000000000000000000e+00
0.000000000000000000e+00
0.000000000000000000e+00
0.000000000000000000e+00
0.000000000000000000e+00
0.000000000000000000e+00
0.000000000000000000e+00
0.000000000000000000e+00
0.000000000000000000e+00
0.000000000000000000e+00
0.000000000000000000e+00
0.000000000000000000e+00
0.000000000000000000e+00
0.000000000000000000e+00
0.000000000000000000e+00
0.000000000000000000e+00
0.000000000000000000e+00
0.000000000000000000e+00
0.000000000000000000e+00
0.000000000000000000e+00
0.000000000000000000e+00
0.000000000000000000e+00
0.000000000000000000e+00
0.000000000000000000e+00
0.000000000000000000e+00
0.000000000000000000e+00
0.000000000000000000e+00
0.000000000000000000e+00
0.000000000000000000e+00
0.000000000000000000e+00
0.000000000000000000e+00
0.000000000000000000e+00
0.000000000000000000e+00
0.000000000000000000e+00
0.000000000000000000e+00
0.000000000000000000e+00
0.000000000000000000e+00
0.000000000000000000e+00
0.000000000000000000e+00
0.000000000000000000e+00
0.000000000000000000e+00
0.000000000000000000e+00
0.000000000000000000e+00
0.000000000000000000e+00
0.000000000000000000e+00
0.000000000000000000e+00
0.000000000000000000e+00
0.000000000000000000e+00
