0.000000000000000000e+00
0.000000000000000000e+00
0.000000000000000000e+00
0.000000000000000000e+00
0.000000000000000000e+00
0.000000000000000000e+00
0.000000000000000000e+00
0.000000000000000000e+00
0.000000000000000000e+00
0.000000000000000000e+00
0.000000000000000000e+00
0.000000000000000000e+00
0.000000000000000000e+00
0.000000000000000000e+00
0.000000000000000000e+00
0.000000000000000000e+00
0.000000000000000000e+00
0.000000000000000000e+00
0.000000000000000000e+00
0.000000000000000000e+00
0.000000000000000000e+00
0.000000000000000000e+00
0.000000000000000000e+00
0.000000000000000000e+00
0.000000000000000000e+00
0.000000000000000000e+00
0.000000000000000000e+00
0.000000000000000000e+00
0.000000000000000000e+00
0.000000000000000000e+00
0.000000000000000000e+00
0.000000000000000000e+00
0.000000000000000000e+00
0.000000000000000000e+00
0.000000000000000000e+00
0.000000000000000000e+00
0.000000000000000000e+00
0.000000000000000000e+00
0.000000000000000000e+00
0.000000000000000000e+00
0.000000000000000000e+00
0.000000000000000000e+00
0.000000000000000000e+00
0.000000000000000000e+00
0.000000000000000000e+00
0.000000000000000000e+00
0.000000000000000000e+00
0.000000000000000000e+00
0.000000000000000000e+00
0.000000000000000000e+00
0.000000000000000000e+00
1.026676300954463005e-30
0.000000000000000000e+00
0.000000000000000000e+00
0.000000000000000000e+00
0.000000000000000000e+00
0.000000000000000000e+00
7.103087563122109536e-31
0.000000000000000000e+00
0.000000000000000000e+00
6.169200732269125494e-31
0.000000000000000000e+00
5.222822688362334179e-31
0.000000000000000000e+00
4.811478563604191777e-31
4.417779499769743653e-31
0.000000000000000000e+00
4.140010628618383738e-31
3.942111496181162637e-31
3.734147489718268402e-31
7.571010629170468462e-31
3.524038185664533936e-31
6.780130062852702926e-31
6.905519389637844903e-31
6.817720146726390254e-31
6.666979328838623945e-31
9.414565786208900913e-31
9.435609324728936653e-31
1.280447673649743280e-30
1.287905595316109167e-30
1.285865038483108908e-30
1.610673975561098887e-30
1.967454933889874701e-30
1.936727206905573536e-30
2.602285859062549169e-30
2.562276515349861274e-30
2.750814446777168696e-30
3.151747806707319232e-30
3.064388145083705211e-30
3.015641846656979804e-30
2.562135485767506596e-30
2.290730385036117648e-30
1.746239562884665310e-30
1.246803689610069004e-30
8.802493340233094837e-31
6.134697562107672435e-31
4.106532191481037632e-31
2.706542382988247222e-31
1.944798759035449083e-31
1.364278458221475148e-31
9.559225143560369823e-32
7.037923274450360845e-32
4.909681933075447059e-32
3.419241197256850633e-32
2.529251915036472560e-32
1.778406830889472339e-32
1.279396817710098165e-32
9.772546399443262394e-33
6.951276924151225005e-33
5.498832855252626831e-33
4.172927059966882718e-33
3.113988196671135318e-33
2.302241888007481199e-33
1.780594692135391375e-33
1.324623198454389120e-33
1.012015935621865454e-33
8.001806865802623632e-34
6.002093031859499142e-34
4.719271010265316898e-34
3.665584559728958670e-34
3.005630333626268050e-34
2.330208382841300999e-34
1.483774049608877011e-34
1.397687168143949999e-34
1.081233879568620476e-34
7.779894975828985797e-35
6.412167513412990062e-35
4.525143891867834356e-35
4.178513617531815002e-35
2.926839016348132405e-35
2.558394841038171973e-35
2.011797767932677793e-35
1.294900478849196092e-35
1.532431436501939140e-35
6.678079863033788684e-36
7.118478783862660061e-36
4.687311861974789958e-36
4.257740222003017225e-36
3.752636503592163776e-36
2.127974813301439360e-36
1.953070422408876274e-36
1.944582547249894267e-36
1.018377518311935126e-36
1.126004489930418873e-36
6.440156747251895628e-37
3.531890874558920702e-37
3.502051050341348187e-37
3.400638045277382044e-37
1.218109347500848118e-37
1.865540562852676186e-37
7.184976341294649013e-38
6.348361863781045257e-38
9.238620243585636578e-38
3.206845974086652807e-38
4.250164033506868879e-38
3.869073683576482451e-38
2.212010051141940643e-38
2.043283287682204000e-38
0.000000000000000000e+00
1.525794661137941454e-38
0.000000000000000000e+00
0.000000000000000000e+00
0.000000000000000000e+00
0.000000000000000000e+00
8.589797077276144252e-39
0.000000000000000000e+00
0.000000000000000000e+00
0.000000000000000000e+00
0.000000000000000000e+00
0.000000000000000000e+00
0.000000000000000000e+00
0.000000000000000000e+00
0.000000000000000000e+00
0.000000000000000000e+00
0.000000000000000000e+00
0.000000000000000000e+00
0.000000000000000000e+00
0.000000000000000000e+00
0.000000000000000000e+00
0.000000000000000000e+00
0.000000000000000000e+00
0.000000000000000000e+00
0.000000000000000000e+00
0.000000000000000000e+00
0.000000000000000000e+00
0.000000000000000000e+00
0.000000000000000000e+00
0.000000000000000000e+00
0.000000000000000000e+00
0.000000000000000000e+00
0.000000000000000000e+00
0.000000000000000000e+00
0.000000000000000000e+00
0.000000000000000000e+00
0.000000000000000000e+00
0.000000000000000000e+00
0.000000000000000000e+00
0.000000000000000000e+00
0.000000000000000000e+00
