5.590981865479434040e-29
0.000000000000000000e+00
0.000000000000000000e+00
0.000000000000000000e+00
0.000000000000000000e+00
6.021431323789718105e-29
2.660149320586252174e-29
4.700806153449388690e-29
1.038362086432057222e-28
3.669820086287111437e-29
1.459129631759123516e-28
6.159654315841195007e-28
2.075713586030650021e-27
3.936444388717582778e-27
7.568822229443612146e-27
1.237103155432333066e-26
1.784218183436562941e-26
2.443901422818144507e-26
2.715606848465392029e-26
2.678682885321997627e-26
2.280756660632146044e-26
1.650525939505873867e-26
9.988929403621243550e-27
8.722067323270953111e-27
1.098960504685557859e-26
1.150718907902396075e-26
8.744860921820347791e-27
6.946048484861878557e-27
6.762336868683720457e-27
5.779002966596864988e-27
4.792590719151687985e-27
4.328484636904826622e-27
3.672307998452577109e-27
3.052901269861921855e-27
2.591918828627006848e-27
2.255618741725509064e-27
1.922933048590430840e-27
1.586714363726544051e-27
1.324999919040028322e-27
1.166691537589900339e-27
1.012265349307113525e-27
8.388689643114095866e-28
7.177400259223765574e-28
6.295318686562385171e-28
5.340670839763353654e-28
4.378251874124614544e-28
3.985049670459775029e-28
3.295048626319122654e-28
2.805667054674990513e-28
2.443952020166133576e-28
2.122702302953503529e-28
1.823887946337597218e-28
1.583777024162807811e-28
1.328999498569365122e-28
1.125353525163588633e-28
9.967868353413745119e-29
8.616347095906550066e-29
7.675703777423317966e-29
6.326413454422878906e-29
5.507013868556551811e-29
4.925605536521245186e-29
3.958563800895610746e-29
3.474278792819235581e-29
3.039932525396134812e-29
2.487454345268413737e-29
2.151283027851008562e-29
1.828046543442411312e-29
1.559300941648010241e-29
1.344404501468026307e-29
1.178045773034272979e-29
9.869035202854778960e-30
8.311145602691249361e-30
7.034917611366015367e-30
5.976451894016939655e-30
4.904633311772597108e-30
4.499616463387491887e-30
3.916071404238896956e-30
3.156214571915639249e-30
2.699210411504093880e-30
2.416546101447448620e-30
1.858487751249397157e-30
1.553191606404627164e-30
1.274158829866354574e-30
9.773610154139191866e-31
9.367982566768156765e-31
8.232031855471077735e-31
6.914477874665045191e-31
5.933128540884007981e-31
4.920475260758961255e-31
4.164097554623717118e-31
3.047117624418321063e-31
2.742435864417548435e-31
2.416781569798712833e-31
1.850283870150897401e-31
1.718802373327660008e-31
1.466298228112615352e-31
1.307130842541814785e-31
1.039095669792403285e-31
9.873380428071484948e-32
8.351375420020251337e-32
5.945456579361115192e-32
4.630265404184081161e-32
3.522399270732923170e-32
2.658382892831291809e-32
2.148331400115422293e-32
1.758981002576279737e-32
1.207553652470139089e-32
8.792432009288936972e-33
6.459323911674806333e-33
5.398706469600880970e-33
3.202770833305050746e-33
3.251307893267894937e-33
2.287542259047871043e-33
1.645148274081327379e-33
1.245932711417494793e-33
8.806856233655927867e-34
5.187594001501327950e-34
5.156497760676446710e-34
3.543616340806137692e-34
2.460071200374693122e-34
2.173621936774706061e-34
1.047559995966776004e-34
2.468220580471127866e-34
9.541098034036544543e-35
7.225832668538705302e-35
1.064076817329939248e-35
3.760705319763760409e-35
8.307027434346749409e-36
1.467952395681438713e-35
6.485124351092071813e-36
1.146000046673287323e-35
1.012560465979361002e-35
0.000000000000000000e+00
3.952424971973327628e-36
0.000000000000000000e+00
3.085576354982293722e-36
0.000000000000000000e+00
0.000000000000000000e+00
0.000000000000000000e+00
0.000000000000000000e+00
0.000000000000000000e+00
0.000000000000000000e+00
0.000000000000000000e+00
0.000000000000000000e+00
0.000000000000000000e+00
0.000000000000000000e+00
0.000000000000000000e+00
0.000000000000000000e+00
0.000000000000000000e+00
0.000000000000000000e+00
0.000000000000000000e+00
0.000000000000000000e+00
0.000000000000000000e+00
0.000000000000000000e+00
0.000000000000000000e+00
0.000000000000000000e+00
0.000000000000000000e+00
0.000000000000000000e+00
0.000000000000000000e+00
0.000000000000000000e+00
0.000000000000000000e+00
0.000000000000000000e+00
0.000000000000000000e+00
0.000000000000000000e+00
0.000000000000000000e+00
0.000000000000000000e+00
0.000000000000000000e+00
0.000000000000000000e+00
0.000000000000000000e+00
0.000000000000000000e+00
0.000000000000000000e+00
0.000000000000000000e+00
0.000000000000000000e+00
0.000000000000000000e+00
0.000000000000000000e+00
0.000000000000000000e+00
0.000000000000000000e+00
0.000000000000000000e+00
0.000000000000000000e+00
0.000000000000000000e+00
0.000000000000000000e+00
0.000000000000000000e+00
0.000000000000000000e+00
0.000000000000000000e+00
0.000000000000000000e+00
0.000000000000000000e+00
0.000000000000000000e+00
0.000000000000000000e+00
0.000000000000000000e+00
0.000000000000000000e+00
0.000000000000000000e+00
0.000000000000000000e+00
0.000000000000000000e+00
0.000000000000000000e+00
0.000000000000000000e+00
0.000000000000000000e+00
0.000000000000000000e+00
0.000000000000000000e+00
0.000000000000000000e+00
