0.000000000000000000e+00
0.000000000000000000e+00
0.000000000000000000e+00
0.000000000000000000e+00
0.000000000000000000e+00
3.010715661894859053e-29
2.660150032610412517e-29
2.350403076724694345e-29
2.076723505829087808e-29
3.669822050839962025e-29
6.485021935663902889e-29
3.151450895512236471e-28
9.745727734749546701e-28
1.957040022581254608e-27
3.517620794784523998e-27
5.692235871892206708e-27
8.184413624062850240e-27
1.129954363468221860e-26
1.224757758539391962e-26
1.240687251634490651e-26
1.027123527053079874e-26
7.181293958711488222e-27
4.117534636155047326e-27
3.553785226797246658e-27
4.752941859483027086e-27
4.946264010031393833e-27
3.674731363106338403e-27
2.898997151576702976e-27
3.050328582011714040e-27
2.537786597121377850e-27
2.095054589117219667e-27
2.002857526759245001e-27
1.620667945999210285e-27
1.433838754708786928e-27
1.223684754669096442e-27
1.086337695331517597e-27
9.501170037723376140e-28
8.389129030320188227e-28
7.392051516234013087e-28
6.750527339812728261e-28
6.260946166741381782e-28
5.786868750474628580e-28
5.566664465806264086e-28
5.496475734997734257e-28
5.172043433907045444e-28
5.333932521417736167e-28
5.579821789643299499e-28
5.544920456897081529e-28
5.579034436297730719e-28
5.596183128979140212e-28
5.587566807180523338e-28
5.210385054917788990e-28
5.136090462539274807e-28
4.378345760307640300e-28
3.753972591079531748e-28
3.098988668884855571e-28
2.491105919879817890e-28
1.988551757026116416e-28
1.593098192897066804e-28
1.243968228368614477e-28
9.834592970692553284e-29
7.749740260061955867e-29
6.367348885420765451e-29
4.949633727247552461e-29
3.980332075286997375e-29
3.384422800055122375e-29
2.651932572104605650e-29
2.250926359314466557e-29
1.795008397736005647e-29
1.619812937922125329e-29
1.428311540100662328e-29
1.066994409853702362e-29
9.367350188396458500e-30
7.718198719637004219e-30
6.384834023828518009e-30
5.625818046496010842e-30
4.590149268902969624e-30
3.889558394145075849e-30
3.257667738022182257e-30
2.527251747456166954e-30
2.389484251606367623e-30
1.918648454970421606e-30
1.509790942238899529e-30
1.247243741563719380e-30
1.013445386768555178e-30
9.014601611384233311e-31
7.925055410193013173e-31
6.426576855175351244e-31
5.615985476942189766e-31
4.962063385575839013e-31
3.889937392874452104e-31
3.172060281819775366e-31
2.536987982956240447e-31
2.235992592327368297e-31
1.778071420683786328e-31
1.763049059992549349e-31
1.488355472628732930e-31
1.158336156489892283e-31
1.095704413359152558e-31
9.229067741232571300e-32
6.579951945537994016e-32
5.128589931988646158e-32
3.650820077478394355e-32
3.079833839255765127e-32
2.091042562779010773e-32
1.809599160923798512e-32
1.319364175847003683e-32
8.002101042161841529e-33
6.983052877486277783e-33
5.321582091463725782e-33
3.475347074437395592e-33
3.191098487837008285e-33
2.074747630299232059e-33
1.927173692495269235e-33
1.204401621036911633e-33
9.173808576724924647e-34
5.187594001501327950e-34
5.156497760676446710e-34
4.049847246635585690e-34
2.460071200374693122e-34
1.976019942522459939e-34
1.222153328627905445e-34
1.696901649073900408e-34
1.499315405348599796e-34
1.204305444756450777e-34
0.000000000000000000e+00
2.820528989822820441e-35
1.661405486869349882e-35
2.201928593522158203e-35
6.485124351092071813e-36
5.730000233366436613e-36
1.012560465979361002e-35
0.000000000000000000e+00
3.952424971973327628e-36
3.492206900852531495e-36
0.000000000000000000e+00
2.726293634005745111e-36
0.000000000000000000e+00
0.000000000000000000e+00
0.000000000000000000e+00
0.000000000000000000e+00
0.000000000000000000e+00
0.000000000000000000e+00
0.000000000000000000e+00
0.000000000000000000e+00
0.000000000000000000e+00
0.000000000000000000e+00
0.000000000000000000e+00
0.000000000000000000e+00
0.000000000000000000e+00
0.000000000000000000e+00
0.000000000000000000e+00
0.000000000000000000e+00
0.000000000000000000e+00
0.000000000000000000e+00
0.000000000000000000e+00
0.000000000000000000e+00
0.000000000000000000e+00
0.000000000000000000e+00
0.000000000000000000e+00
0.000000000000000000e+00
0.000000000000000000e+00
0.000000000000000000e+00
0.000000000000000000e+00
0.000000000000000000e+00
0.000000000000000000e+00
0.000000000000000000e+00
0.000000000000000000e+00
0.000000000000000000e+00
0.000000000000000000e+00
0.000000000000000000e+00
0.000000000000000000e+00
0.000000000000000000e+00
0.000000000000000000e+00
0.000000000000000000e+00
0.000000000000000000e+00
0.000000000000000000e+00
0.000000000000000000e+00
0.000000000000000000e+00
0.000000000000000000e+00
0.000000000000000000e+00
0.000000000000000000e+00
0.000000000000000000e+00
0.000000000000000000e+00
0.000000000000000000e+00
0.000000000000000000e+00
0.000000000000000000e+00
0.000000000000000000e+00
0.000000000000000000e+00
0.000000000000000000e+00
0.000000000000000000e+00
0.000000000000000000e+00
0.000000000000000000e+00
0.000000000000000000e+00
0.000000000000000000e+00
0.000000000000000000e+00
0.000000000000000000e+00
0.000000000000000000e+00
0.000000000000000000e+00
