0.000000000000000000e+00
0.000000000000000000e+00
0.000000000000000000e+00
0.000000000000000000e+00
0.000000000000000000e+00
0.000000000000000000e+00
0.000000000000000000e+00
0.000000000000000000e+00
0.000000000000000000e+00
0.000000000000000000e+00
0.000000000000000000e+00
0.000000000000000000e+00
0.000000000000000000e+00
0.000000000000000000e+00
0.000000000000000000e+00
0.000000000000000000e+00
0.000000000000000000e+00
0.000000000000000000e+00
0.000000000000000000e+00
0.000000000000000000e+00
0.000000000000000000e+00
0.000000000000000000e+00
0.000000000000000000e+00
0.000000000000000000e+00
0.000000000000000000e+00
0.000000000000000000e+00
0.000000000000000000e+00
0.000000000000000000e+00
0.000000000000000000e+00
0.000000000000000000e+00
0.000000000000000000e+00
0.000000000000000000e+00
0.000000000000000000e+00
0.000000000000000000e+00
1.661702767985780363e-29
0.000000000000000000e+00
0.000000000000000000e+00
0.000000000000000000e+00
0.000000000000000000e+00
0.000000000000000000e+00
1.225471420080209695e-29
0.000000000000000000e+00
0.000000000000000000e+00
8.453023224484844870e-30
0.000000000000000000e+00
0.000000000000000000e+00
4.137915352879113831e-30
5.484145487251688829e-30
0.000000000000000000e+00
6.357170888975632966e-30
5.043787202780497883e-30
5.064208582991933058e-30
4.564029331150604093e-30
4.586095338984978145e-30
9.920643275241064361e-30
4.814858283859607894e-30
8.508430481834422493e-30
8.288765994995153052e-30
8.771331061071363195e-30
1.237742837597690796e-29
1.143482147465350029e-29
1.192431146205973511e-29
1.528476630629361017e-29
1.430753185061214765e-29
1.748344450375092258e-29
2.242737047890628938e-29
2.062238824296151200e-29
2.448114826652630347e-29
2.641937426054968859e-29
3.049829612410950915e-29
3.292248462202336683e-29
3.983560270746712033e-29
4.330800617221687763e-29
4.862930545576631229e-29
5.255302485266950624e-29
5.346084104885185060e-29
5.103732403885120228e-29
5.043460717741448253e-29
4.339857800883836569e-29
3.866473762315917791e-29
3.021649558873455468e-29
2.319910197483540701e-29
1.630661488770742121e-29
1.055048685869897455e-29
6.836924004183160342e-30
4.313163308552122531e-30
2.958598705986485848e-30
2.086581443289108652e-30
1.479256803076269955e-30
1.163929470664646897e-30
8.647006662910501455e-31
6.508809923643737145e-31
5.270102218958973986e-31
4.136586295805631809e-31
2.869609709492444074e-31
2.330366826821834957e-31
1.773687868935795867e-31
1.325272837866376793e-31
9.361650344909243904e-32
7.792843942885139032e-32
5.451960183445765970e-32
4.609501882192224719e-32
3.687511736548528823e-32
2.739431151759075202e-32
2.305875702790553221e-32
1.923490017205715891e-32
1.285821018833944469e-32
1.215133861957909158e-32
8.117798970077797204e-33
6.092825872835279718e-33
3.952355496418998559e-33
3.431936109560556261e-33
2.925926145293788679e-33
1.786160983288298307e-33
1.453588163320410591e-33
1.541199840889787505e-33
8.429840252439658239e-34
6.302386151937878931e-34
7.340348134526999597e-34
4.920142400749386243e-34
1.778417948270214030e-34
2.095119991933552009e-34
1.851165435353345899e-34
1.908219606807308909e-34
1.083874900280805849e-34
6.384460903979635223e-35
5.641057979645640881e-35
6.645621947477399527e-35
5.137833384885035628e-35
3.891074610655243355e-35
2.865000116683218373e-35
1.518840698969041502e-35
1.789317025318889165e-35
1.185727491591998288e-35
1.047662070255759515e-35
3.085576354982293722e-36
5.452587268011490223e-36
2.408845584656793772e-36
4.256722004074693179e-36
5.641607644566606364e-36
1.661567374288148531e-36
1.468095433023099112e-36
0.000000000000000000e+00
0.000000000000000000e+00
1.012659129912711831e-36
0.000000000000000000e+00
0.000000000000000000e+00
6.985094363272460640e-37
0.000000000000000000e+00
5.453118568338591960e-37
0.000000000000000000e+00
0.000000000000000000e+00
0.000000000000000000e+00
0.000000000000000000e+00
0.000000000000000000e+00
0.000000000000000000e+00
0.000000000000000000e+00
0.000000000000000000e+00
0.000000000000000000e+00
0.000000000000000000e+00
0.000000000000000000e+00
0.000000000000000000e+00
0.000000000000000000e+00
0.000000000000000000e+00
0.000000000000000000e+00
0.000000000000000000e+00
0.000000000000000000e+00
0.000000000000000000e+00
0.000000000000000000e+00
0.000000000000000000e+00
0.000000000000000000e+00
0.000000000000000000e+00
0.000000000000000000e+00
0.000000000000000000e+00
0.000000000000000000e+00
0.000000000000000000e+00
0.000000000000000000e+00
0.000000000000000000e+00
0.000000000000000000e+00
0.000000000000000000e+00
0.000000000000000000e+00
0.000000000000000000e+00
0.000000000000000000e+00
0.000000000000000000e+00
0.000000000000000000e+00
0.000000000000000000e+00
0.000000000000000000e+00
0.000000000000000000e+00
0.000000000000000000e+00
0.000000000000000000e+00
0.000000000000000000e+00
0.000000000000000000e+00
0.000000000000000000e+00
0.000000000000000000e+00
0.000000000000000000e+00
0.000000000000000000e+00
0.000000000000000000e+00
0.000000000000000000e+00
0.000000000000000000e+00
