0.000000000000000000e+00
0.000000000000000000e+00
0.000000000000000000e+00
0.000000000000000000e+00
0.000000000000000000e+00
0.000000000000000000e+00
0.000000000000000000e+00
0.000000000000000000e+00
0.000000000000000000e+00
0.000000000000000000e+00
0.000000000000000000e+00
0.000000000000000000e+00
0.000000000000000000e+00
0.000000000000000000e+00
0.000000000000000000e+00
0.000000000000000000e+00
0.000000000000000000e+00
0.000000000000000000e+00
0.000000000000000000e+00
0.000000000000000000e+00
0.000000000000000000e+00
0.000000000000000000e+00
0.000000000000000000e+00
0.000000000000000000e+00
0.000000000000000000e+00
0.000000000000000000e+00
0.000000000000000000e+00
0.000000000000000000e+00
0.000000000000000000e+00
0.000000000000000000e+00
0.000000000000000000e+00
0.000000000000000000e+00
0.000000000000000000e+00
0.000000000000000000e+00
0.000000000000000000e+00
0.000000000000000000e+00
0.000000000000000000e+00
0.000000000000000000e+00
0.000000000000000000e+00
0.000000000000000000e+00
0.000000000000000000e+00
0.000000000000000000e+00
0.000000000000000000e+00
0.000000000000000000e+00
0.000000000000000000e+00
0.000000000000000000e+00
0.000000000000000000e+00
0.000000000000000000e+00
0.000000000000000000e+00
0.000000000000000000e+00
0.000000000000000000e+00
0.000000000000000000e+00
0.000000000000000000e+00
0.000000000000000000e+00
0.000000000000000000e+00
0.000000000000000000e+00
0.000000000000000000e+00
0.000000000000000000e+00
0.000000000000000000e+00
0.000000000000000000e+00
0.000000000000000000e+00
0.000000000000000000e+00
1.651985417890857418e-32
5.613959028842407362e-33
3.769806858644301545e-32
2.016042016013327130e-32
6.195807551329016541e-33
2.600327776752676980e-32
2.358009389457727588e-32
2.510816103695828309e-32
3.256886540855084338e-32
2.752541851443540100e-32
4.495580687926096953e-32
4.883753090917620813e-32
6.760304607161698497e-32
7.879455015873861892e-32
1.140865199476439188e-31
9.881801562815967086e-32
1.115066950503936228e-31
1.150987181677122420e-31
1.311246183963078525e-31
1.384718533500485348e-31
1.538702427198154522e-31
1.744741728845662559e-31
1.971159821626929497e-31
2.503713939673365245e-31
3.002746409363717771e-31
3.943694412410443198e-31
5.116300929074788831e-31
6.426125873740757251e-31
8.688257717968230293e-31
1.362175366745825041e-30
2.470228956715427612e-30
3.939282015249112722e-30
3.974025368623049435e-30
3.326879433130254164e-30
2.779057548196123034e-30
2.298314059601772668e-30
1.884258555311494982e-30
1.500302103632537985e-30
1.188430640872678949e-30
9.352500461261040096e-31
7.357699538452759893e-31
5.772811541555705596e-31
4.555291748785090541e-31
3.529462095513969385e-31
2.775774706355843712e-31
2.186149046898600347e-31
1.717838664717849572e-31
1.336436932486675168e-31
1.060243869865901744e-31
8.487941707717404164e-32
6.830240927943710367e-32
5.511370413531400134e-32
4.480913205816637990e-32
3.621047094842433864e-32
2.925302459530814251e-32
2.375029594809030362e-32
1.904671580073394209e-32
1.500584578850563534e-32
1.219602975226515888e-32
9.756244798694668944e-33
7.705476124658302702e-33
6.121965446576105182e-33
4.845216598574966692e-33
3.874453036013021711e-33
3.103159190060329415e-33
2.489120615174128077e-33
1.992101538367517605e-33
1.620086459603079913e-33
1.295633473820058131e-33
1.023840744854745147e-33
8.337197113366324027e-34
6.358897053593228311e-34
5.201550278638244579e-34
3.984182802222751485e-34
3.043165481817816576e-34
2.321366455529783861e-34
1.960332501876503375e-34
1.297404798962466645e-34
1.060633840587268132e-34
8.946367520360937641e-35
6.460723518408008664e-35
4.836792500942183770e-35
3.840998313809268256e-35
2.879668359723706765e-35
2.373766484221472061e-35
1.939895504747422012e-35
1.326385733945367952e-35
1.163810304979631013e-35
8.727633026337323549e-36
7.308084804364414821e-36
5.315506147291592861e-36
3.996896209520728038e-36
3.544379218245727774e-36
2.788008977871288694e-36
2.081300366301735232e-36
1.639956934374499430e-36
1.219798494316019996e-36
9.862181855173422803e-37
8.223605296603839642e-37
5.511805088212904466e-37
4.927420542147959381e-37
4.252229708446008732e-37
3.301469833179178567e-37
2.547467782626360472e-37
1.597748027464445309e-37
1.525055925115999715e-37
1.097103076932071482e-37
9.210902908976081846e-38
4.797741252419016178e-38
5.243917572863385299e-38
4.189408064172237026e-38
1.936596488221355788e-38
1.451186344340657274e-38
1.397035918155978297e-38
7.440013440113832407e-39
7.619518912004507020e-39
8.052366657382565321e-39
3.965600453381374768e-39
5.152717995364554306e-40
1.547931090283423739e-39
1.367690892012820275e-39
4.265074439576579983e-40
3.140376371500990201e-40
3.329655322065601120e-40
2.451626823117239235e-40
0.000000000000000000e+00
2.296721170509298254e-40
2.029292289635165295e-40
0.000000000000000000e+00
0.000000000000000000e+00
0.000000000000000000e+00
0.000000000000000000e+00
0.000000000000000000e+00
0.000000000000000000e+00
0.000000000000000000e+00
0.000000000000000000e+00
0.000000000000000000e+00
