0.000000000000000000e+00
0.000000000000000000e+00
0.000000000000000000e+00
0.000000000000000000e+00
0.000000000000000000e+00
0.000000000000000000e+00
0.000000000000000000e+00
0.000000000000000000e+00
0.000000000000000000e+00
0.000000000000000000e+00
0.000000000000000000e+00
0.000000000000000000e+00
0.000000000000000000e+00
0.000000000000000000e+00
0.000000000000000000e+00
0.000000000000000000e+00
0.000000000000000000e+00
0.000000000000000000e+00
0.000000000000000000e+00
0.000000000000000000e+00
0.000000000000000000e+00
0.000000000000000000e+00
0.000000000000000000e+00
0.000000000000000000e+00
0.000000000000000000e+00
0.000000000000000000e+00
2.190710160350013823e-31
5.806875254707104151e-31
2.650875203474435155e-30
2.417763756226984521e-30
5.674390270710481639e-30
8.198818912698764256e-30
3.569953563448017968e-29
9.214209132546978550e-29
1.675852644311235128e-28
2.817571947315544640e-28
4.481804585820951846e-28
6.762011641557174664e-28
9.723098421320942038e-28
1.307595223216884885e-27
1.587164684252696769e-27
1.695166881305556685e-27
1.509028956303375020e-27
6.197233103210953278e-28
6.064564203475075142e-29
1.016038491479751916e-28
1.352484609724235340e-28
1.198431057931518220e-28
5.916938212895980359e-29
3.696065508018643504e-29
3.644134157768058863e-29
2.501656411974491486e-29
2.049106694484405782e-29
1.677096059364638626e-29
1.371274527168189106e-29
1.222621775698645079e-29
1.128934251480238729e-29
1.082976619404130839e-29
1.079180732445427208e-29
1.148416443061800281e-29
1.030198438792590623e-29
7.181645963228105238e-30
4.447147867149813559e-30
3.053074516249422232e-30
2.141909423755507028e-30
1.610620645614290432e-30
1.281833993224933431e-30
9.659836486511030899e-31
7.123732469658339916e-31
5.807224096806579574e-31
4.029247342448420491e-31
3.246541251051269172e-31
2.636031610826143527e-31
1.826711507718914277e-31
1.386271239134801134e-31
1.069499987516245343e-31
7.808531177820328809e-32
6.917969128475320228e-32
4.373546117341810700e-32
3.600708072877544913e-32
2.948550511562079373e-32
2.071831885094728213e-32
1.488011430877629510e-32
1.182427921430123961e-32
1.094798919585225920e-32
6.204584771916043220e-33
4.435273636709486635e-33
3.978092090987019345e-33
2.904788674554201988e-33
2.069738959592996568e-33
1.908713797490479673e-33
1.088193425656956257e-33
7.450466743489419070e-34
7.416532447138475405e-34
4.603315995313165396e-34
1.923597691172172955e-34
1.133076727867070192e-34
1.509184104817841978e-34
1.181626482018076016e-34
7.815707804522248573e-35
1.133763649763752050e-35
3.050780643540372751e-35
2.735781597334598563e-35
1.564089207378274126e-35
1.413375921128567304e-35
6.105260327003369389e-36
0.000000000000000000e+00
9.749148443179631565e-36
0.000000000000000000e+00
0.000000000000000000e+00
0.000000000000000000e+00
3.036877905505262608e-36
0.000000000000000000e+00
0.000000000000000000e+00
0.000000000000000000e+00
0.000000000000000000e+00
0.000000000000000000e+00
0.000000000000000000e+00
0.000000000000000000e+00
0.000000000000000000e+00
0.000000000000000000e+00
0.000000000000000000e+00
0.000000000000000000e+00
0.000000000000000000e+00
0.000000000000000000e+00
0.000000000000000000e+00
0.000000000000000000e+00
0.000000000000000000e+00
0.000000000000000000e+00
0.000000000000000000e+00
0.000000000000000000e+00
0.000000000000000000e+00
0.000000000000000000e+00
0.000000000000000000e+00
0.000000000000000000e+00
0.000000000000000000e+00
0.000000000000000000e+00
0.000000000000000000e+00
0.000000000000000000e+00
0.000000000000000000e+00
0.000000000000000000e+00
0.000000000000000000e+00
0.000000000000000000e+00
0.000000000000000000e+00
0.000000000000000000e+00
0.000000000000000000e+00
0.000000000000000000e+00
0.000000000000000000e+00
0.000000000000000000e+00
0.000000000000000000e+00
0.000000000000000000e+00
0.000000000000000000e+00
0.000000000000000000e+00
0.000000000000000000e+00
0.000000000000000000e+00
0.000000000000000000e+00
0.000000000000000000e+00
0.000000000000000000e+00
0.000000000000000000e+00
0.000000000000000000e+00
0.000000000000000000e+00
0.000000000000000000e+00
0.000000000000000000e+00
0.000000000000000000e+00
0.000000000000000000e+00
0.000000000000000000e+00
0.000000000000000000e+00
0.000000000000000000e+00
0.000000000000000000e+00
0.000000000000000000e+00
0.000000000000000000e+00
0.000000000000000000e+00
0.000000000000000000e+00
0.000000000000000000e+00
0.000000000000000000e+00
0.000000000000000000e+00
0.000000000000000000e+00
0.000000000000000000e+00
0.000000000000000000e+00
0.000000000000000000e+00
0.000000000000000000e+00
0.000000000000000000e+00
0.000000000000000000e+00
0.000000000000000000e+00
0.000000000000000000e+00
0.000000000000000000e+00
0.000000000000000000e+00
0.000000000000000000e+00
0.000000000000000000e+00
0.000000000000000000e+00
0.000000000000000000e+00
0.000000000000000000e+00
0.000000000000000000e+00
0.000000000000000000e+00
0.000000000000000000e+00
0.000000000000000000e+00
0.000000000000000000e+00
0.000000000000000000e+00
0.000000000000000000e+00
