0.000000000000000000e+00
0.000000000000000000e+00
0.000000000000000000e+00
0.000000000000000000e+00
0.000000000000000000e+00
0.000000000000000000e+00
0.000000000000000000e+00
0.000000000000000000e+00
0.000000000000000000e+00
0.000000000000000000e+00
0.000000000000000000e+00
0.000000000000000000e+00
0.000000000000000000e+00
0.000000000000000000e+00
0.000000000000000000e+00
0.000000000000000000e+00
0.000000000000000000e+00
0.000000000000000000e+00
0.000000000000000000e+00
2.605557161903461797e-31
9.208669602857834716e-31
1.017052355701112838e-30
1.078352720420464335e-30
2.064378254255193270e-30
2.946466711130759153e-30
3.347205315022745424e-30
6.243522394721182476e-30
7.452156102976075973e-30
2.000981665113297532e-29
4.631525501370288016e-29
7.957504417545389821e-29
1.335995494417644880e-28
2.002295497934484121e-28
3.122457282191127249e-28
3.796036483530254324e-28
4.601292178968451343e-28
5.148085797130876063e-28
4.838994751554135819e-28
4.045084679581927774e-28
2.137733455926698632e-28
1.899124372667583745e-28
2.651458981831801409e-28
2.876519825270280729e-28
2.353148181118438207e-28
1.879055808292398279e-28
1.892536518033411250e-28
1.670236421765503457e-28
1.442460147746855229e-28
1.305263208157679572e-28
1.122322346216492106e-28
9.723019761079746574e-29
8.381339603390230944e-29
7.171706638834168410e-29
6.224392807149825816e-29
5.364936377218729146e-29
4.588266217822011603e-29
3.899283342281233127e-29
3.402738109476384432e-29
2.920033949659111854e-29
2.569096740158012581e-29
2.189916034935345992e-29
1.938607137045141241e-29
1.701115427492419553e-29
1.474909444784079639e-29
1.294234265728279862e-29
1.126669097056490191e-29
9.658716066309964616e-30
8.358764428875327730e-30
7.279754474836925080e-30
6.225764278961808397e-30
5.288852115150363536e-30
4.562207461924522463e-30
3.928406497841469703e-30
3.272029561699324436e-30
2.830108415527485750e-30
2.435311906233782858e-30
2.081594520640863142e-30
1.809591809081589870e-30
1.534525110246727122e-30
1.333011122915126512e-30
1.137971343453153495e-30
1.003181431973925487e-30
8.622906626869072466e-31
7.199662838293839665e-31
6.425771168037052324e-31
5.511354436096381775e-31
4.677595292995192059e-31
3.990716865109970167e-31
3.424235915745250296e-31
2.914007405559531238e-31
2.469225198412753729e-31
2.146740254089665139e-31
1.819495548742438263e-31
1.575798617218868321e-31
1.383832607513413269e-31
1.161010833344494247e-31
1.086197792200689366e-31
9.087230825197728876e-32
7.182836732312114108e-32
5.923606601696117080e-32
4.578962173127677211e-32
3.393651960642746145e-32
2.417948147056020234e-32
1.768913798580856233e-32
1.302881332450116144e-32
1.010920105418539594e-32
7.137728805922219236e-33
5.554848135180572187e-33
3.974674066560445975e-33
2.861043817035354270e-33
2.300459789468922533e-33
1.524512708563641893e-33
1.260668178869405174e-33
8.718461216904677501e-34
6.767017577362562431e-34
4.050960734669585267e-34
3.769822285630488011e-34
3.036855528156669382e-34
2.123727462394154684e-34
1.349704135452782357e-34
1.037410469824291607e-34
6.080136233900732531e-35
4.918849676541968210e-35
4.884133517423469129e-35
2.952661156223052691e-35
2.506180925027093649e-35
1.476241781223055093e-35
9.400057359918690191e-36
7.565105547919695501e-36
4.750069151896386338e-36
3.091184336421367164e-36
1.754216596762489607e-36
1.746153676023915927e-36
3.987095366464321159e-37
3.369673325384021706e-37
7.578608591184581600e-37
0.000000000000000000e+00
1.162162343474769013e-37
1.026840834316263760e-37
0.000000000000000000e+00
0.000000000000000000e+00
7.726818068542626574e-38
0.000000000000000000e+00
0.000000000000000000e+00
0.000000000000000000e+00
0.000000000000000000e+00
0.000000000000000000e+00
0.000000000000000000e+00
0.000000000000000000e+00
0.000000000000000000e+00
0.000000000000000000e+00
0.000000000000000000e+00
0.000000000000000000e+00
0.000000000000000000e+00
0.000000000000000000e+00
0.000000000000000000e+00
0.000000000000000000e+00
0.000000000000000000e+00
0.000000000000000000e+00
0.000000000000000000e+00
0.000000000000000000e+00
0.000000000000000000e+00
0.000000000000000000e+00
0.000000000000000000e+00
0.000000000000000000e+00
0.000000000000000000e+00
0.000000000000000000e+00
0.000000000000000000e+00
0.000000000000000000e+00
0.000000000000000000e+00
0.000000000000000000e+00
0.000000000000000000e+00
0.000000000000000000e+00
0.000000000000000000e+00
0.000000000000000000e+00
0.000000000000000000e+00
0.000000000000000000e+00
0.000000000000000000e+00
0.000000000000000000e+00
0.000000000000000000e+00
0.000000000000000000e+00
0.000000000000000000e+00
0.000000000000000000e+00
0.000000000000000000e+00
0.000000000000000000e+00
0.000000000000000000e+00
0.000000000000000000e+00
0.000000000000000000e+00
0.000000000000000000e+00
0.000000000000000000e+00
0.000000000000000000e+00
0.000000000000000000e+00
0.000000000000000000e+00
0.000000000000000000e+00
0.000000000000000000e+00
0.000000000000000000e+00
0.000000000000000000e+00
0.000000000000000000e+00
0.000000000000000000e+00
