1.063853518287177722e+05
1.204052718403779145e+05
1.362727973142052651e+05
1.542314136581764324e+05
1.745566938363556983e+05
1.975605270052839187e+05
2.235959044182843645e+05
2.530623360368612339e+05
2.864119809664826607e+05
3.241565857876061928e+05
3.668753372498569079e+05
4.152237498280758737e+05
4.699437245187999215e+05
5.318749332282746909e+05
6.019677034441687865e+05
6.812976009048422566e+05
7.710819340355942259e+05
8.726984334106240422e+05
9.877063928749767365e+05
1.117870596734614810e+06
1.265188400174685521e+06
1.431920378451989032e+06
1.620625015170065919e+06
1.834197961924625561e+06
2.075916471754206344e+06
2.349489688222390134e+06
2.659115561811933760e+06
3.009545267006552778e+06
3.406156108533256687e+06
3.855034035503396764e+06
4.363067029622756876e+06
4.938050800502286293e+06
5.588808409952313639e+06
6.325325660881519318e+06
7.158904328328494914e+06
8.102335583938629366e+06
9.170096275065878406e+06
1.037857107038012706e+07
1.174630388077986240e+07
1.329428241363585182e+07
1.504626022681898251e+07
1.702912122439555079e+07
1.927329218713557348e+07
2.181320966806878522e+07
2.468784841754874587e+07
2.794131944644834101e+07
3.162354690469983220e+07
3.579103416180540621e+07
4.050773084473778307e+07
4.584601413783085346e+07
5.188779940259801596e+07
5.872579715981480479e+07
6.646493572211574018e+07
7.522397130724462867e+07
8.513731033896552026e+07
9.635707189863857627e+07
1.090554219755523652e+08
1.234272153348178416e+08
1.396929855419995189e+08
1.581023290260726213e+08
1.789377351087770164e+08
2.025189207717396617e+08
2.292077366778885424e+08
2.594137197294970751e+08
2.936003773662583828e+08
3.322923000352308154e+08
3.760832109727169871e+08
4.256450768210781813e+08
4.817384188818935156e+08
5.452239832304677963e+08
6.170759487683254480e+08
6.983968758897589445e+08
7.904346251480607986e+08
8.946015055364805460e+08
1.012495946212161303e+09
1.145927024213191271e+09
1.296942224543918133e+09
1.467858858603889942e+09
1.661299623072719574e+09
1.880232844898032904e+09
2.128018029941250324e+09
2.408457414220217705e+09
2.725854308796660423e+09
3.085079133604281902e+09
3.491644153499231339e+09
3.951788063349271297e+09
4.472571720110506058e+09
5.061986490889464378e+09
5.729076879579771996e+09
6.484079313765218735e+09
7.338579221559001923e+09
8.305688808705332756e+09
9.400248263913679123e+09
1.063905347989869881e+10
1.204111378447993660e+10
1.362794363659625816e+10
1.542389276327778435e+10
1.745651980349026871e+10
1.975701519237546921e+10
2.236067977499789429e+10
2.530746649387390518e+10
2.864259346241669083e+10
3.241723783184182739e+10
3.668932109884194183e+10
4.152439790449129486e+10
4.699666196289867401e+10
5.319008455547225952e+10
6.019970306086371613e+10
6.813307929293979645e+10
7.711195002481463623e+10
8.727409502605155945e+10
9.877545127785252380e+10
1.117925058086371460e+11
1.265250038678013916e+11
1.431990139942850342e+11
1.620703970130751648e+11
1.834287321910197754e+11
2.076017607983673096e+11
2.349604152619908752e+11
2.659245110820917664e+11
3.009691888542080078e+11
3.406322052486435547e+11
3.855221848265674438e+11
4.363279593160014648e+11
4.938291376578276367e+11
5.589080690180089111e+11
6.325633823370808105e+11
7.159253101798300781e+11
8.102730320278931885e+11
9.170543031461777344e+11
1.037907670225869141e+12
1.174687614700585938e+12
1.329493009557059082e+12
1.504699326306953613e+12
1.702995086332139648e+12
1.927423115945345947e+12
2.181427238220412109e+12
2.468905118073145508e+12
2.794268071494521484e+12
3.162508756702407715e+12
3.579277785924848633e+12
4.050970433414241211e+12
4.584824770217184570e+12
5.189032731567078125e+12
5.872865821216348633e+12
6.646817381626941406e+12
7.522763613139678711e+12
8.514145812943352539e+12
9.636176630280507812e+12
1.090607350285251562e+13
1.234332285648020117e+13
1.396997912213382227e+13
1.581100315871559961e+13
1.789464527465454297e+13
2.025287872573720312e+13
2.292189034115060547e+13
2.594263580633811328e+13
2.936146812342323047e+13
3.323084889285527734e+13
3.761015333081486719e+13
4.256658137528124219e+13
4.817618886158341406e+13
5.452505459070634375e+13
6.171060119888847656e+13
6.984309009710471094e+13
7.904731342011506250e+13
8.946450894785015625e+13
1.012545273833837656e+14
1.145982852441373906e+14
1.297005410056539375e+14
1.467930370975591250e+14
1.661380559652872188e+14
1.880324447649415312e+14
2.128121704497868750e+14
2.408574751456575938e+14
2.725987109239558125e+14
3.085229435061698750e+14
3.491814262330246250e+14
3.951980589854945625e+14
4.472789618588573750e+14
5.062233104967760000e+14
5.729355993523811250e+14
6.484395210547356250e+14
7.338936748580091250e+14
8.306093452177586250e+14
9.400706233046061250e+14
1.063957180217644625e+15
1.204170041350057250e+15
1.362860757411664750e+15
1.542464419734503750e+15
1.745737026477643500e+15
1.975797773111403000e+15
2.236176916123839750e+15
2.530869944412666000e+15
2.864398889616588000e+15
3.241881716186240000e+15
3.669110855977697000e+15
4.152642092472938500e+15
4.699895158545966000e+15
