# [0] log10 Mass / Msun, [1] Bin width log10 Mass / Msun, [2] dN/dV (pc^-3), [3] dN/dVlogM (pc^-3 log10 Mass/Msun)
5.025000000000000355e+00 4.999999999999982236e-02 0.000000000000000000e+00 0.000000000000000000e+00
5.074999999999999289e+00 4.999999999999982236e-02 0.000000000000000000e+00 0.000000000000000000e+00
5.125000000000000000e+00 4.999999999999982236e-02 0.000000000000000000e+00 0.000000000000000000e+00
5.174999999999998934e+00 4.999999999999982236e-02 0.000000000000000000e+00 0.000000000000000000e+00
5.224999999999999645e+00 4.999999999999982236e-02 0.000000000000000000e+00 0.000000000000000000e+00
5.274999999999998579e+00 4.999999999999982236e-02 0.000000000000000000e+00 0.000000000000000000e+00
5.324999999999999289e+00 4.999999999999982236e-02 0.000000000000000000e+00 0.000000000000000000e+00
5.374999999999998224e+00 4.999999999999982236e-02 0.000000000000000000e+00 0.000000000000000000e+00
5.424999999999998934e+00 4.999999999999982236e-02 0.000000000000000000e+00 0.000000000000000000e+00
5.474999999999997868e+00 4.999999999999982236e-02 0.000000000000000000e+00 0.000000000000000000e+00
5.524999999999998579e+00 4.999999999999982236e-02 0.000000000000000000e+00 0.000000000000000000e+00
5.574999999999997513e+00 4.999999999999982236e-02 0.000000000000000000e+00 0.000000000000000000e+00
5.624999999999998224e+00 4.999999999999982236e-02 0.000000000000000000e+00 0.000000000000000000e+00
5.674999999999997158e+00 4.999999999999982236e-02 0.000000000000000000e+00 0.000000000000000000e+00
5.724999999999997868e+00 4.999999999999982236e-02 0.000000000000000000e+00 0.000000000000000000e+00
5.774999999999996803e+00 4.999999999999982236e-02 0.000000000000000000e+00 0.000000000000000000e+00
5.824999999999997513e+00 4.999999999999982236e-02 0.000000000000000000e+00 0.000000000000000000e+00
5.874999999999996447e+00 4.999999999999982236e-02 0.000000000000000000e+00 0.000000000000000000e+00
5.924999999999997158e+00 4.999999999999982236e-02 0.000000000000000000e+00 0.000000000000000000e+00
5.974999999999996092e+00 4.999999999999982236e-02 0.000000000000000000e+00 0.000000000000000000e+00
6.024999999999996803e+00 4.999999999999982236e-02 0.000000000000000000e+00 0.000000000000000000e+00
6.074999999999995737e+00 4.999999999999982236e-02 0.000000000000000000e+00 0.000000000000000000e+00
6.124999999999996447e+00 4.999999999999982236e-02 0.000000000000000000e+00 0.000000000000000000e+00
6.174999999999995381e+00 4.999999999999982236e-02 0.000000000000000000e+00 0.000000000000000000e+00
6.224999999999996092e+00 4.999999999999982236e-02 0.000000000000000000e+00 0.000000000000000000e+00
6.274999999999995026e+00 4.999999999999982236e-02 8.081899999995438259e-20 1.616379999999093333e-18
6.324999999999995737e+00 4.999999999999982236e-02 9.768999999993274922e-21 1.953799999998661966e-19
6.374999999999994671e+00 4.999999999999982236e-02 9.679999999993330226e-22 1.935999999998672967e-20
6.424999999999995381e+00 4.999999999999982236e-02 8.999999999993798764e-23 1.799999999998766148e-21
6.474999999999994316e+00 4.999999999999982236e-02 9.999999999993109738e-24 1.999999999998629001e-22
6.524999999999995026e+00 4.999999999999982236e-02 1.999999999998621948e-24 3.999999999997258001e-23
6.574999999999993960e+00 4.999999999999982236e-02 1.087899999999657863e-20 2.175799999999323430e-19
6.624999999999994671e+00 4.999999999999982236e-02 2.320000000009475556e-22 4.640000000018967664e-21
6.674999999999993605e+00 4.999999999999982236e-02 8.000000000042636039e-24 1.600000000008532850e-22
6.724999999999994316e+00 4.999999999999982236e-02 3.669000000017327097e-21 7.338000000034680675e-20
6.774999999999993250e+00 4.999999999999982236e-02 3.990000000019699906e-22 7.980000000039428401e-21
6.824999999999993960e+00 4.999999999999982236e-02 6.000000000007902905e-24 1.200000000001584813e-22
6.874999999999992895e+00 4.999999999999982236e-02 1.917000000008976843e-21 3.834000000017967530e-20
6.924999999999993605e+00 4.999999999999982236e-02 1.200000000006395406e-23 2.400000000012799275e-22
6.974999999999992539e+00 4.999999999999982236e-02 1.054000000004967297e-21 2.108000000009942117e-20
7.024999999999993250e+00 4.999999999999982236e-02 7.110000000032716843e-22 1.422000000006548484e-20
7.074999999999992184e+00 4.999999999999982236e-02 5.000000000024240112e-23 1.000000000004851596e-21
7.124999999999992895e+00 4.999999999999982236e-02 4.730000000022680775e-22 9.460000000045394652e-21
7.174999999999991829e+00 4.999999999999982236e-02 3.160000000015156047e-22 6.320000000030334663e-21
7.224999999999992539e+00 4.999999999999982236e-02 2.540000000012092495e-22 5.080000000024203045e-21
7.274999999999991473e+00 4.999999999999982236e-02 2.530000000012400312e-22 5.060000000024818679e-21
7.324999999999992184e+00 4.999999999999982236e-02 2.650000000012317629e-22 5.300000000024654065e-21
7.374999999999991118e+00 4.999999999999982236e-02 1.530000000007070807e-22 3.060000000014152522e-21
7.424999999999991829e+00 4.999999999999982236e-02 1.660000000006921048e-22 3.320000000013853757e-21
7.474999999999990763e+00 4.999999999999982236e-02 1.290000000006032467e-22 2.580000000012073962e-21
7.524999999999991473e+00 4.999999999999982236e-02 1.240000000006127104e-22 2.480000000012262859e-21
7.574999999999990408e+00 4.999999999999982236e-02 1.290000000005791726e-22 2.580000000011592479e-21
7.624999999999991118e+00 4.999999999999982236e-02 1.190000000005499516e-22 2.380000000011007308e-21
7.674999999999990052e+00 4.999999999999982236e-02 1.100000000004899490e-22 2.200000000009806880e-21
7.724999999999990763e+00 4.999999999999982236e-02 1.020000000004713871e-22 2.040000000009434890e-21
7.774999999999989697e+00 4.999999999999982236e-02 9.500000000042204353e-23 1.900000000008447641e-21
7.824999999999990408e+00 4.999999999999982236e-02 1.000000000004848022e-22 2.000000000009703192e-21
7.874999999999989342e+00 4.999999999999982236e-02 8.800000000042084818e-23 1.760000000008423358e-21
7.924999999999990052e+00 4.999999999999982236e-02 8.400000000039953016e-23 1.680000000007996622e-21
7.974999999999988987e+00 4.999999999999982236e-02 7.700000000037426069e-23 1.540000000007490668e-21
8.024999999999989697e+00 5.000000000000071054e-02 6.800000000031425808e-23 1.360000000006265790e-21
8.074999999999988631e+00 4.999999999999893419e-02 7.800000000039162726e-23 1.560000000007865835e-21
8.124999999999989342e+00 4.999999999999893419e-02 5.300000000024635257e-23 1.060000000004949621e-21
8.174999999999988276e+00 5.000000000000071054e-02 4.700000000026252379e-23 9.400000000052371222e-22
8.224999999999988987e+00 5.000000000000071054e-02 4.100000000020647264e-23 8.200000000041177919e-22
8.274999999999987921e+00 4.999999999999893419e-02 4.500000000022779066e-23 9.000000000045749972e-22
8.324999999999988631e+00 4.999999999999893419e-02 3.300000000016383660e-23 6.600000000032908379e-22
8.374999999999987566e+00 5.000000000000071054e-02 5.300000000029450082e-23 1.060000000005874970e-21
8.424999999999988276e+00 5.000000000000071054e-02 4.100000000020647264e-23 8.200000000041177919e-22
8.474999999999987210e+00 4.999999999999893419e-02 2.800000000014922614e-23 5.600000000029964658e-22
8.524999999999987921e+00 4.999999999999893419e-02 3.000000000015988515e-23 6.000000000032104923e-22
8.574999999999986855e+00 5.000000000000071054e-02 2.800000000012515201e-23 5.600000000024950469e-22
8.624999999999987566e+00 5.000000000000071054e-02 2.000000000010659010e-23 4.000000000021261126e-22
8.674999999999986500e+00 4.999999999999893419e-02 2.400000000010383399e-23 4.800000000020869302e-22
8.724999999999987210e+00 4.999999999999893419e-02 2.100000000012395666e-23 4.200000000024880671e-22
8.774999999999986144e+00 5.000000000000071054e-02 1.800000000009593109e-23 3.600000000019134966e-22
8.824999999999986855e+00 5.000000000000071054e-02 2.200000000009317498e-23 4.400000000018572931e-22
8.874999999999985789e+00 4.999999999999893419e-02 2.000000000005844185e-23 4.000000000011773476e-22
8.924999999999986500e+00 4.999999999999893419e-02 1.700000000005449040e-23 3.400000000010970490e-22
8.974999999999985434e+00 5.000000000000071054e-02 1.300000000003317238e-23 2.600000000006597330e-22
9.024999999999986144e+00 5.000000000000071054e-02 1.200000000006395406e-23 2.400000000012756487e-22
9.074999999999985079e+00 4.999999999999893419e-02 1.000000000002922092e-23 2.000000000005886738e-22
9.124999999999985789e+00 4.999999999999893419e-02 1.300000000005724650e-23 2.600000000011504784e-22
9.174999999999984723e+00 5.000000000000071054e-02 1.100000000002251337e-23 2.200000000004471640e-22
9.224999999999985434e+00 5.000000000000071054e-02 2.000000000034733134e-24 4.000000000069409257e-23
9.274999999999984368e+00 4.999999999999893419e-02 1.000000000002922092e-23 2.000000000005886738e-22
9.324999999999985079e+00 4.999999999999893419e-02 1.000000000005329505e-23 2.000000000010701563e-22
9.374999999999984013e+00 5.000000000000071054e-02 9.999999999932924427e-25 1.999999999986556380e-23
9.424999999999984723e+00 5.000000000000071054e-02 3.000000000003951453e-24 6.000000000007817094e-23
9.474999999999983658e+00 4.999999999999893419e-02 6.000000000031977029e-24 1.200000000006421032e-22
9.524999999999984368e+00 4.999999999999893419e-02 1.000000000017366567e-24 2.000000000034775746e-23
9.574999999999983302e+00 5.000000000000071054e-02 5.000000000014610462e-24 1.000000000002907869e-22
9.624999999999984013e+00 5.000000000000071054e-02 3.000000000003951453e-24 6.000000000007817094e-23
9.674999999999982947e+00 4.999999999999893419e-02 3.000000000003951453e-24 6.000000000008031034e-23
9.724999999999983658e+00 4.999999999999893419e-02 0.000000000000000000e+00 0.000000000000000000e+00
9.774999999999982592e+00 5.000000000000071054e-02 0.000000000000000000e+00 0.000000000000000000e+00
9.824999999999983302e+00 5.000000000000071054e-02 9.999999999932924427e-25 1.999999999986556380e-23
9.874999999999982236e+00 4.999999999999893419e-02 0.000000000000000000e+00 0.000000000000000000e+00
9.924999999999982947e+00 4.999999999999893419e-02 0.000000000000000000e+00 0.000000000000000000e+00
9.974999999999981881e+00 5.000000000000071054e-02 0.000000000000000000e+00 0.000000000000000000e+00
1.002499999999998259e+01 5.000000000000071054e-02 2.000000000010659010e-24 4.000000000021261008e-23
1.007499999999998153e+01 4.999999999999893419e-02 2.000000000010659010e-24 4.000000000021403243e-23
1.012499999999998224e+01 4.999999999999893419e-02 9.999999999932924427e-25 1.999999999986627497e-23
1.017499999999998117e+01 5.000000000000071054e-02 0.000000000000000000e+00 0.000000000000000000e+00
1.022499999999998188e+01 5.000000000000071054e-02 0.000000000000000000e+00 0.000000000000000000e+00
1.027499999999998082e+01 4.999999999999893419e-02 1.000000000017366567e-24 2.000000000034775746e-23
1.032499999999998153e+01 4.999999999999893419e-02 0.000000000000000000e+00 0.000000000000000000e+00
1.037499999999998046e+01 5.000000000000071054e-02 0.000000000000000000e+00 0.000000000000000000e+00
1.042499999999998117e+01 5.000000000000071054e-02 0.000000000000000000e+00 0.000000000000000000e+00
1.047499999999998010e+01 4.999999999999893419e-02 0.000000000000000000e+00 0.000000000000000000e+00
1.052499999999998082e+01 4.999999999999893419e-02 0.000000000000000000e+00 0.000000000000000000e+00
1.057499999999997975e+01 5.000000000000071054e-02 0.000000000000000000e+00 0.000000000000000000e+00
1.062499999999998046e+01 5.000000000000071054e-02 0.000000000000000000e+00 0.000000000000000000e+00
1.067499999999997939e+01 4.999999999999893419e-02 0.000000000000000000e+00 0.000000000000000000e+00
1.072499999999998010e+01 4.999999999999893419e-02 0.000000000000000000e+00 0.000000000000000000e+00
1.077499999999997904e+01 5.000000000000071054e-02 0.000000000000000000e+00 0.000000000000000000e+00
1.082499999999997975e+01 5.000000000000071054e-02 0.000000000000000000e+00 0.000000000000000000e+00
1.087499999999997868e+01 4.999999999999893419e-02 0.000000000000000000e+00 0.000000000000000000e+00
1.092499999999997939e+01 4.999999999999893419e-02 0.000000000000000000e+00 0.000000000000000000e+00
1.097499999999997833e+01 5.000000000000071054e-02 0.000000000000000000e+00 0.000000000000000000e+00
1.102499999999997904e+01 5.000000000000071054e-02 0.000000000000000000e+00 0.000000000000000000e+00
1.107499999999997797e+01 4.999999999999893419e-02 0.000000000000000000e+00 0.000000000000000000e+00
1.112499999999997868e+01 4.999999999999893419e-02 0.000000000000000000e+00 0.000000000000000000e+00
1.117499999999997762e+01 5.000000000000071054e-02 0.000000000000000000e+00 0.000000000000000000e+00
1.122499999999997833e+01 5.000000000000071054e-02 0.000000000000000000e+00 0.000000000000000000e+00
1.127499999999997726e+01 4.999999999999893419e-02 0.000000000000000000e+00 0.000000000000000000e+00
1.132499999999997797e+01 4.999999999999893419e-02 0.000000000000000000e+00 0.000000000000000000e+00
1.137499999999997691e+01 5.000000000000071054e-02 0.000000000000000000e+00 0.000000000000000000e+00
1.142499999999997762e+01 5.000000000000071054e-02 0.000000000000000000e+00 0.000000000000000000e+00
1.147499999999997655e+01 4.999999999999893419e-02 0.000000000000000000e+00 0.000000000000000000e+00
1.152499999999997726e+01 4.999999999999893419e-02 0.000000000000000000e+00 0.000000000000000000e+00
1.157499999999997620e+01 5.000000000000071054e-02 0.000000000000000000e+00 0.000000000000000000e+00
1.162499999999997691e+01 5.000000000000071054e-02 0.000000000000000000e+00 0.000000000000000000e+00
1.167499999999997584e+01 4.999999999999893419e-02 0.000000000000000000e+00 0.000000000000000000e+00
1.172499999999997655e+01 4.999999999999893419e-02 0.000000000000000000e+00 0.000000000000000000e+00
1.177499999999997549e+01 5.000000000000071054e-02 0.000000000000000000e+00 0.000000000000000000e+00
1.182499999999997620e+01 5.000000000000071054e-02 0.000000000000000000e+00 0.000000000000000000e+00
1.187499999999997513e+01 4.999999999999893419e-02 0.000000000000000000e+00 0.000000000000000000e+00
1.192499999999997584e+01 4.999999999999893419e-02 0.000000000000000000e+00 0.000000000000000000e+00
1.197499999999997478e+01 5.000000000000071054e-02 0.000000000000000000e+00 0.000000000000000000e+00
1.202499999999997549e+01 5.000000000000071054e-02 0.000000000000000000e+00 0.000000000000000000e+00
1.207499999999997442e+01 4.999999999999893419e-02 0.000000000000000000e+00 0.000000000000000000e+00
1.212499999999997513e+01 4.999999999999893419e-02 0.000000000000000000e+00 0.000000000000000000e+00
1.217499999999997407e+01 5.000000000000071054e-02 0.000000000000000000e+00 0.000000000000000000e+00
1.222499999999997478e+01 5.000000000000071054e-02 0.000000000000000000e+00 0.000000000000000000e+00
1.227499999999997371e+01 4.999999999999893419e-02 0.000000000000000000e+00 0.000000000000000000e+00
1.232499999999997442e+01 4.999999999999893419e-02 0.000000000000000000e+00 0.000000000000000000e+00
1.237499999999997335e+01 5.000000000000071054e-02 0.000000000000000000e+00 0.000000000000000000e+00
1.242499999999997407e+01 5.000000000000071054e-02 0.000000000000000000e+00 0.000000000000000000e+00
1.247499999999997300e+01 4.999999999999893419e-02 0.000000000000000000e+00 0.000000000000000000e+00
1.252499999999997371e+01 4.999999999999893419e-02 0.000000000000000000e+00 0.000000000000000000e+00
1.257499999999997264e+01 5.000000000000071054e-02 0.000000000000000000e+00 0.000000000000000000e+00
1.262499999999997335e+01 5.000000000000071054e-02 0.000000000000000000e+00 0.000000000000000000e+00
1.267499999999997229e+01 4.999999999999893419e-02 0.000000000000000000e+00 0.000000000000000000e+00
1.272499999999997300e+01 4.999999999999893419e-02 0.000000000000000000e+00 0.000000000000000000e+00
1.277499999999997193e+01 5.000000000000071054e-02 0.000000000000000000e+00 0.000000000000000000e+00
1.282499999999997264e+01 5.000000000000071054e-02 0.000000000000000000e+00 0.000000000000000000e+00
1.287499999999997158e+01 4.999999999999893419e-02 0.000000000000000000e+00 0.000000000000000000e+00
1.292499999999997229e+01 4.999999999999893419e-02 0.000000000000000000e+00 0.000000000000000000e+00
1.297499999999997122e+01 5.000000000000071054e-02 0.000000000000000000e+00 0.000000000000000000e+00
1.302499999999997193e+01 5.000000000000071054e-02 0.000000000000000000e+00 0.000000000000000000e+00
1.307499999999997087e+01 4.999999999999893419e-02 0.000000000000000000e+00 0.000000000000000000e+00
1.312499999999997158e+01 4.999999999999893419e-02 0.000000000000000000e+00 0.000000000000000000e+00
1.317499999999997051e+01 5.000000000000071054e-02 0.000000000000000000e+00 0.000000000000000000e+00
1.322499999999997122e+01 5.000000000000071054e-02 0.000000000000000000e+00 0.000000000000000000e+00
1.327499999999997016e+01 4.999999999999893419e-02 0.000000000000000000e+00 0.000000000000000000e+00
1.332499999999997087e+01 4.999999999999893419e-02 0.000000000000000000e+00 0.000000000000000000e+00
1.337499999999996980e+01 5.000000000000071054e-02 0.000000000000000000e+00 0.000000000000000000e+00
1.342499999999997051e+01 5.000000000000071054e-02 0.000000000000000000e+00 0.000000000000000000e+00
1.347499999999996945e+01 4.999999999999893419e-02 0.000000000000000000e+00 0.000000000000000000e+00
1.352499999999997016e+01 4.999999999999893419e-02 0.000000000000000000e+00 0.000000000000000000e+00
1.357499999999996909e+01 5.000000000000071054e-02 0.000000000000000000e+00 0.000000000000000000e+00
1.362499999999996980e+01 5.000000000000071054e-02 0.000000000000000000e+00 0.000000000000000000e+00
1.367499999999996874e+01 4.999999999999893419e-02 0.000000000000000000e+00 0.000000000000000000e+00
1.372499999999996945e+01 4.999999999999893419e-02 0.000000000000000000e+00 0.000000000000000000e+00
1.377499999999996838e+01 5.000000000000071054e-02 0.000000000000000000e+00 0.000000000000000000e+00
1.382499999999996909e+01 5.000000000000071054e-02 0.000000000000000000e+00 0.000000000000000000e+00
1.387499999999996803e+01 4.999999999999893419e-02 0.000000000000000000e+00 0.000000000000000000e+00
1.392499999999996874e+01 4.999999999999893419e-02 0.000000000000000000e+00 0.000000000000000000e+00
1.397499999999996767e+01 5.000000000000071054e-02 0.000000000000000000e+00 0.000000000000000000e+00
1.402499999999996838e+01 5.000000000000071054e-02 0.000000000000000000e+00 0.000000000000000000e+00
1.407499999999996732e+01 4.999999999999893419e-02 0.000000000000000000e+00 0.000000000000000000e+00
1.412499999999996803e+01 4.999999999999893419e-02 0.000000000000000000e+00 0.000000000000000000e+00
1.417499999999996696e+01 5.000000000000071054e-02 0.000000000000000000e+00 0.000000000000000000e+00
1.422499999999996767e+01 5.000000000000071054e-02 0.000000000000000000e+00 0.000000000000000000e+00
1.427499999999996660e+01 4.999999999999893419e-02 0.000000000000000000e+00 0.000000000000000000e+00
1.432499999999996732e+01 4.999999999999893419e-02 0.000000000000000000e+00 0.000000000000000000e+00
1.437499999999996625e+01 5.000000000000071054e-02 0.000000000000000000e+00 0.000000000000000000e+00
1.442499999999996696e+01 5.000000000000071054e-02 0.000000000000000000e+00 0.000000000000000000e+00
1.447499999999996589e+01 4.999999999999893419e-02 0.000000000000000000e+00 0.000000000000000000e+00
1.452499999999996660e+01 4.999999999999893419e-02 0.000000000000000000e+00 0.000000000000000000e+00
1.457499999999996554e+01 5.000000000000071054e-02 0.000000000000000000e+00 0.000000000000000000e+00
1.462499999999996625e+01 5.000000000000071054e-02 0.000000000000000000e+00 0.000000000000000000e+00
1.467499999999996518e+01 4.999999999999893419e-02 0.000000000000000000e+00 0.000000000000000000e+00
1.472499999999996589e+01 4.999999999999893419e-02 0.000000000000000000e+00 0.000000000000000000e+00
1.477499999999996483e+01 5.000000000000071054e-02 0.000000000000000000e+00 0.000000000000000000e+00
1.482499999999996554e+01 5.000000000000071054e-02 0.000000000000000000e+00 0.000000000000000000e+00
1.487499999999996447e+01 4.999999999999893419e-02 0.000000000000000000e+00 0.000000000000000000e+00
1.492499999999996518e+01 4.999999999999893419e-02 0.000000000000000000e+00 0.000000000000000000e+00
1.497499999999996412e+01 5.000000000000071054e-02 0.000000000000000000e+00 0.000000000000000000e+00
1.502499999999996483e+01 5.000000000000071054e-02 0.000000000000000000e+00 0.000000000000000000e+00
1.507499999999996376e+01 4.999999999999893419e-02 0.000000000000000000e+00 0.000000000000000000e+00
1.512499999999996447e+01 4.999999999999893419e-02 0.000000000000000000e+00 0.000000000000000000e+00
1.517499999999996341e+01 5.000000000000071054e-02 0.000000000000000000e+00 0.000000000000000000e+00
1.522499999999996412e+01 5.000000000000071054e-02 0.000000000000000000e+00 0.000000000000000000e+00
1.527499999999996305e+01 4.999999999999893419e-02 0.000000000000000000e+00 0.000000000000000000e+00
1.532499999999996376e+01 4.999999999999893419e-02 0.000000000000000000e+00 0.000000000000000000e+00
1.537499999999996270e+01 5.000000000000071054e-02 0.000000000000000000e+00 0.000000000000000000e+00
1.542499999999996341e+01 5.000000000000071054e-02 0.000000000000000000e+00 0.000000000000000000e+00
1.547499999999996234e+01 4.999999999999893419e-02 0.000000000000000000e+00 0.000000000000000000e+00
1.552499999999996305e+01 4.999999999999893419e-02 0.000000000000000000e+00 0.000000000000000000e+00
1.557499999999996199e+01 5.000000000000071054e-02 0.000000000000000000e+00 0.000000000000000000e+00
1.562499999999996270e+01 5.000000000000071054e-02 0.000000000000000000e+00 0.000000000000000000e+00
1.567499999999996163e+01 4.999999999999893419e-02 0.000000000000000000e+00 0.000000000000000000e+00
1.572499999999996234e+01 4.999999999999893419e-02 0.000000000000000000e+00 0.000000000000000000e+00
1.577499999999996128e+01 5.000000000000071054e-02 0.000000000000000000e+00 0.000000000000000000e+00
1.582499999999996199e+01 5.000000000000071054e-02 0.000000000000000000e+00 0.000000000000000000e+00
1.587499999999996092e+01 4.999999999999893419e-02 0.000000000000000000e+00 0.000000000000000000e+00
1.592499999999996163e+01 4.999999999999893419e-02 0.000000000000000000e+00 0.000000000000000000e+00
