# [0] log10 Mass / Msun, [1] Bin width log10 Mass / Msun, [2] dN/dV (pc^-3), [3] dN/dVlogM (pc^-3 log10 Mass/Msun)
5.025000000000000355e+00 4.999999999999982236e-02 0.000000000000000000e+00 0.000000000000000000e+00
5.074999999999999289e+00 4.999999999999982236e-02 0.000000000000000000e+00 0.000000000000000000e+00
5.125000000000000000e+00 4.999999999999982236e-02 4.544000000000002463e-21 9.088000000000037125e-20
5.174999999999998934e+00 4.999999999999982236e-02 1.280000000000005780e-22 2.560000000000020587e-21
5.224999999999999645e+00 4.999999999999982236e-02 6.400000000000028899e-23 1.280000000000010294e-21
5.274999999999998579e+00 4.999999999999982236e-02 0.000000000000000000e+00 0.000000000000000000e+00
5.324999999999999289e+00 4.999999999999982236e-02 0.000000000000000000e+00 0.000000000000000000e+00
5.374999999999998224e+00 4.999999999999982236e-02 4.671999999999943006e-20 9.343999999999919234e-19
5.424999999999998934e+00 4.999999999999982236e-02 8.832000000000300182e-21 1.766400000000066296e-19
5.474999999999997868e+00 4.999999999999982236e-02 6.400000000000405057e-23 1.280000000000085525e-21
5.524999999999998579e+00 4.999999999999982236e-02 6.400000000000405057e-23 1.280000000000085525e-21
5.574999999999997513e+00 4.999999999999982236e-02 1.158400000000073315e-20 2.316800000000154816e-19
5.624999999999998224e+00 4.999999999999982236e-02 5.120000000000324046e-22 1.024000000000068420e-20
5.674999999999997158e+00 4.999999999999982236e-02 1.328000000000084049e-19 2.656000000000177536e-18
5.724999999999997868e+00 4.999999999999982236e-02 1.305600000000082632e-20 2.611200000000174412e-19
5.774999999999996803e+00 4.999999999999982236e-02 5.120000000000324046e-22 1.024000000000068420e-20
5.824999999999997513e+00 4.999999999999982236e-02 3.720959999999052498e-19 7.441919999998130996e-18
5.874999999999996447e+00 4.999999999999982236e-02 8.383999999994223204e-21 1.676799999998850659e-19
5.924999999999997158e+00 4.999999999999982236e-02 1.791999999998765265e-21 3.583999999997543169e-20
5.974999999999996092e+00 4.999999999999982236e-02 2.687999999998147898e-20 5.375999999996315054e-19
6.024999999999996803e+00 4.999999999999982236e-02 7.423999999994884670e-21 1.484799999998982230e-19
6.074999999999995737e+00 4.999999999999982236e-02 1.715199999998818182e-20 3.430399999997648402e-19
6.124999999999996447e+00 4.999999999999982236e-02 1.119999999999228291e-20 2.239999999998464767e-19
6.174999999999995381e+00 4.999999999999982236e-02 1.222399999999157734e-20 2.444799999998324135e-19
6.224999999999996092e+00 4.999999999999982236e-02 5.759999999996031209e-21 1.151999999999210334e-19
6.274999999999995026e+00 4.999999999999982236e-02 9.087999999993738130e-21 1.817599999998754126e-19
6.324999999999995737e+00 4.999999999999982236e-02 8.959999999993826325e-21 1.791999999998771524e-19
6.374999999999994671e+00 4.999999999999982236e-02 1.107199999999237110e-20 2.214399999998481924e-19
6.424999999999995381e+00 4.999999999999982236e-02 9.407999999993517642e-21 1.881599999998710269e-19
6.474999999999994316e+00 4.999999999999982236e-02 7.871999999994575986e-21 1.574399999998920734e-19
6.524999999999995026e+00 4.999999999999982236e-02 1.171199999999193013e-20 2.342399999998394210e-19
6.574999999999993960e+00 4.999999999999982236e-02 9.151999999993694032e-21 1.830399999998745306e-19
6.624999999999994671e+00 4.999999999999982236e-02 1.049599999999276798e-20 2.099199999998561059e-19
6.674999999999993605e+00 4.999999999999982236e-02 9.663999999993341251e-21 1.932799999998675232e-19
6.724999999999994316e+00 4.999999999999982236e-02 9.151999999993694032e-21 1.830399999998745306e-19
6.774999999999993250e+00 4.999999999999982236e-02 1.267199999999126866e-20 2.534399999998262880e-19
6.824999999999993960e+00 4.999999999999982236e-02 1.382399999999047490e-20 2.764799999998104610e-19
6.874999999999992895e+00 4.999999999999982236e-02 1.395199999999038671e-20 2.790399999998087452e-19
6.924999999999993605e+00 4.999999999999982236e-02 1.260799999999131276e-20 2.521599999998271700e-19
6.974999999999992539e+00 4.999999999999982236e-02 1.260799999999131276e-20 2.521599999998271700e-19
7.024999999999993250e+00 4.999999999999982236e-02 1.247999999999140095e-20 2.495999999998288857e-19
7.074999999999992184e+00 4.999999999999982236e-02 1.215999999999162144e-20 2.431999999998332955e-19
7.124999999999992895e+00 4.999999999999982236e-02 1.369599999999056310e-20 2.739199999998122249e-19
7.174999999999991829e+00 4.999999999999982236e-02 1.305599999999100407e-20 2.611199999998209963e-19
7.224999999999992539e+00 4.999999999999982236e-02 1.369599999999056310e-20 2.739199999998122249e-19
7.274999999999991473e+00 4.999999999999982236e-02 1.452799999998998983e-20 2.905599999998008077e-19
7.324999999999992184e+00 4.999999999999982236e-02 1.337599999999078359e-20 2.675199999998166347e-19
7.374999999999991118e+00 4.999999999999982236e-02 1.215999999999162144e-20 2.431999999998332955e-19
7.424999999999991829e+00 4.999999999999982236e-02 1.145599999999210652e-20 2.291199999998429488e-19
7.474999999999990763e+00 4.999999999999982236e-02 1.055999999999272388e-20 2.111999999998552240e-19
7.524999999999991473e+00 4.999999999999982236e-02 9.599999999993385349e-21 1.919999999998683810e-19
7.574999999999990408e+00 4.999999999999982236e-02 1.017599999999298847e-20 2.035199999998604916e-19
7.624999999999991118e+00 4.999999999999982236e-02 7.359999999994928767e-21 1.471999999998991050e-19
7.674999999999990052e+00 4.999999999999982236e-02 7.295999999994972865e-21 1.459199999998999869e-19
7.724999999999990763e+00 4.999999999999982236e-02 7.999999999994487790e-21 1.599999999998903336e-19
7.774999999999989697e+00 4.999999999999982236e-02 7.167999999995061060e-21 1.433599999999017268e-19
7.824999999999990408e+00 4.999999999999982236e-02 6.271999999995678428e-21 1.254399999999140260e-19
7.874999999999989342e+00 4.999999999999982236e-02 4.607999999996824967e-21 9.215999999993682435e-20
7.924999999999990052e+00 4.999999999999982236e-02 6.591999999995457939e-21 1.318399999999096162e-19
7.974999999999988987e+00 4.999999999999982236e-02 5.183999999996428088e-21 1.036799999999289349e-19
8.024999999999989697e+00 5.000000000000071054e-02 4.543999999996869065e-21 9.087999999993609333e-20
8.074999999999988631e+00 4.999999999999893419e-02 4.863999999996648577e-21 9.727999999993504191e-20
8.124999999999989342e+00 4.999999999999893419e-02 4.223999999997089553e-21 8.447999999994359663e-20
8.174999999999988276e+00 5.000000000000071054e-02 3.071999999997883312e-21 6.143999999995678753e-20
8.224999999999988987e+00 5.000000000000071054e-02 2.943999999997971507e-21 5.887999999995858754e-20
8.274999999999987921e+00 4.999999999999893419e-02 2.751999999998103800e-21 5.503999999996324359e-20
8.324999999999988631e+00 4.999999999999893419e-02 2.943999999997971507e-21 5.887999999996068199e-20
8.374999999999987566e+00 5.000000000000071054e-02 2.303999999998412484e-21 4.607999999996759365e-20
8.424999999999988276e+00 5.000000000000071054e-02 2.239999999998456581e-21 4.479999999996849366e-20
8.474999999999987210e+00 4.999999999999893419e-02 1.983999999998632972e-21 3.967999999997350805e-20
8.524999999999987921e+00 4.999999999999893419e-02 1.919999999998677070e-21 3.839999999997435991e-20
8.574999999999986855e+00 5.000000000000071054e-02 1.535999999998941656e-21 3.071999999997839376e-20
8.624999999999987566e+00 5.000000000000071054e-02 1.663999999998853460e-21 3.327999999997659374e-20
8.674999999999986500e+00 4.999999999999893419e-02 1.343999999999073949e-21 2.687999999998205074e-20
8.724999999999987210e+00 4.999999999999893419e-02 1.215999999999162144e-21 2.431999999998376048e-20
8.774999999999986144e+00 5.000000000000071054e-02 1.343999999999073949e-21 2.687999999998109680e-20
8.824999999999986855e+00 5.000000000000071054e-02 1.535999999998941656e-21 3.071999999997839376e-20
8.874999999999985789e+00 4.999999999999893419e-02 1.535999999998941656e-21 3.071999999997948914e-20
8.924999999999986500e+00 4.999999999999893419e-02 1.023999999999294437e-21 2.047999999998632509e-20
8.974999999999985434e+00 5.000000000000071054e-02 9.599999999993385349e-22 1.919999999998649685e-20
9.024999999999986144e+00 5.000000000000071054e-02 1.663999999998853460e-21 3.327999999997659374e-20
9.074999999999985079e+00 4.999999999999893419e-02 1.791999999998765265e-21 3.583999999997606965e-20
9.124999999999985789e+00 4.999999999999893419e-02 1.791999999998765265e-21 3.583999999997606965e-20
9.174999999999984723e+00 5.000000000000071054e-02 1.407999999999029851e-21 2.815999999998019980e-20
9.224999999999985434e+00 5.000000000000071054e-02 1.087999999999250340e-21 2.175999999998469684e-20
9.274999999999984368e+00 4.999999999999893419e-02 1.599999999998897558e-21 3.199999999997863126e-20
9.324999999999985079e+00 4.999999999999893419e-02 1.791999999998765265e-21 3.583999999997606965e-20
9.374999999999984013e+00 5.000000000000071054e-02 1.599999999998897558e-21 3.199999999997749375e-20
9.424999999999984723e+00 5.000000000000071054e-02 8.959999999993826325e-22 1.791999999998739686e-20
9.474999999999983658e+00 4.999999999999893419e-02 1.599999999998897558e-21 3.199999999997863126e-20
9.524999999999984368e+00 4.999999999999893419e-02 1.983999999998632972e-21 3.967999999997350805e-20
9.574999999999983302e+00 5.000000000000071054e-02 1.343999999999073949e-21 2.687999999998109680e-20
9.624999999999984013e+00 5.000000000000071054e-02 1.471999999998985753e-21 2.943999999997929377e-20
9.674999999999982947e+00 4.999999999999893419e-02 1.535999999998941656e-21 3.071999999997948914e-20
9.724999999999983658e+00 4.999999999999893419e-02 1.343999999999073949e-21 2.687999999998205074e-20
9.774999999999982592e+00 5.000000000000071054e-02 1.215999999999162144e-21 2.431999999998289682e-20
9.824999999999983302e+00 5.000000000000071054e-02 9.599999999993385349e-22 1.919999999998649685e-20
9.874999999999982236e+00 4.999999999999893419e-02 9.599999999993385349e-22 1.919999999998717996e-20
9.924999999999982947e+00 4.999999999999893419e-02 1.023999999999294437e-21 2.047999999998632509e-20
9.974999999999981881e+00 5.000000000000071054e-02 5.759999999996031209e-22 1.151999999999189841e-20
1.002499999999998259e+01 5.000000000000071054e-02 1.151999999999206242e-21 2.303999999998379683e-20
1.007499999999998153e+01 4.999999999999893419e-02 8.319999999994267302e-22 1.663999999998888970e-20
1.012499999999998224e+01 4.999999999999893419e-02 7.039999999995149256e-22 1.407999999999059944e-20
1.017499999999998117e+01 5.000000000000071054e-02 8.319999999994267302e-22 1.663999999998829687e-20
1.022499999999998188e+01 5.000000000000071054e-02 3.199999999997795116e-22 6.399999999995499202e-21
1.027499999999998082e+01 4.999999999999893419e-02 9.599999999993385349e-22 1.919999999998717996e-20
1.032499999999998153e+01 4.999999999999893419e-02 3.839999999997354139e-22 7.679999999994872284e-21
1.037499999999998046e+01 5.000000000000071054e-02 7.679999999994708279e-22 1.535999999998919688e-20
1.042499999999998117e+01 5.000000000000071054e-02 7.039999999995149256e-22 1.407999999999009990e-20
1.047499999999998010e+01 4.999999999999893419e-02 4.479999999996913163e-22 8.959999999994017414e-21
1.052499999999998082e+01 4.999999999999893419e-02 3.839999999997354139e-22 7.679999999994872284e-21
1.057499999999997975e+01 5.000000000000071054e-02 7.039999999995149256e-22 1.407999999999009990e-20
1.062499999999998046e+01 5.000000000000071054e-02 1.919999999998677070e-22 3.839999999997299220e-21
1.067499999999997939e+01 4.999999999999893419e-02 1.919999999998677070e-22 3.839999999997436142e-21
1.072499999999998010e+01 4.999999999999893419e-02 1.919999999998677070e-22 3.839999999997436142e-21
1.077499999999997904e+01 5.000000000000071054e-02 1.279999999999118046e-22 2.559999999998199606e-21
1.082499999999997975e+01 5.000000000000071054e-02 3.199999999997795116e-22 6.399999999995499202e-21
1.087499999999997868e+01 4.999999999999893419e-02 0.000000000000000000e+00 0.000000000000000000e+00
1.092499999999997939e+01 4.999999999999893419e-02 1.919999999998677070e-22 3.839999999997436142e-21
1.097499999999997833e+01 5.000000000000071054e-02 3.839999999997354139e-22 7.679999999994598441e-21
1.102499999999997904e+01 5.000000000000071054e-02 1.279999999999118046e-22 2.559999999998199606e-21
1.107499999999997797e+01 4.999999999999893419e-02 1.919999999998677070e-22 3.839999999997436142e-21
1.112499999999997868e+01 4.999999999999893419e-02 6.399999999995590232e-23 1.279999999999145318e-21
1.117499999999997762e+01 5.000000000000071054e-02 0.000000000000000000e+00 0.000000000000000000e+00
1.122499999999997833e+01 5.000000000000071054e-02 1.919999999998677070e-22 3.839999999997299220e-21
1.127499999999997726e+01 4.999999999999893419e-02 2.559999999998236093e-22 5.119999999996581272e-21
1.132499999999997797e+01 4.999999999999893419e-02 0.000000000000000000e+00 0.000000000000000000e+00
1.137499999999997691e+01 5.000000000000071054e-02 6.399999999995590232e-23 1.279999999999099803e-21
1.142499999999997762e+01 5.000000000000071054e-02 3.199999999997795116e-22 6.399999999995499202e-21
1.147499999999997655e+01 4.999999999999893419e-02 1.919999999998677070e-22 3.839999999997436142e-21
1.152499999999997726e+01 4.999999999999893419e-02 0.000000000000000000e+00 0.000000000000000000e+00
1.157499999999997620e+01 5.000000000000071054e-02 6.399999999995590232e-23 1.279999999999099803e-21
1.162499999999997691e+01 5.000000000000071054e-02 0.000000000000000000e+00 0.000000000000000000e+00
1.167499999999997584e+01 4.999999999999893419e-02 1.279999999999118046e-22 2.559999999998290636e-21
1.172499999999997655e+01 4.999999999999893419e-02 6.399999999995590232e-23 1.279999999999145318e-21
1.177499999999997549e+01 5.000000000000071054e-02 1.919999999998677070e-22 3.839999999997299220e-21
1.182499999999997620e+01 5.000000000000071054e-02 1.279999999999118046e-22 2.559999999998199606e-21
1.187499999999997513e+01 4.999999999999893419e-02 1.279999999999118046e-22 2.559999999998290636e-21
1.192499999999997584e+01 4.999999999999893419e-02 6.399999999995590232e-23 1.279999999999145318e-21
1.197499999999997478e+01 5.000000000000071054e-02 0.000000000000000000e+00 0.000000000000000000e+00
1.202499999999997549e+01 5.000000000000071054e-02 0.000000000000000000e+00 0.000000000000000000e+00
1.207499999999997442e+01 4.999999999999893419e-02 0.000000000000000000e+00 0.000000000000000000e+00
1.212499999999997513e+01 4.999999999999893419e-02 6.399999999995590232e-23 1.279999999999145318e-21
1.217499999999997407e+01 5.000000000000071054e-02 0.000000000000000000e+00 0.000000000000000000e+00
1.222499999999997478e+01 5.000000000000071054e-02 0.000000000000000000e+00 0.000000000000000000e+00
1.227499999999997371e+01 4.999999999999893419e-02 0.000000000000000000e+00 0.000000000000000000e+00
1.232499999999997442e+01 4.999999999999893419e-02 0.000000000000000000e+00 0.000000000000000000e+00
1.237499999999997335e+01 5.000000000000071054e-02 6.399999999995590232e-23 1.279999999999099803e-21
1.242499999999997407e+01 5.000000000000071054e-02 0.000000000000000000e+00 0.000000000000000000e+00
1.247499999999997300e+01 4.999999999999893419e-02 0.000000000000000000e+00 0.000000000000000000e+00
1.252499999999997371e+01 4.999999999999893419e-02 0.000000000000000000e+00 0.000000000000000000e+00
1.257499999999997264e+01 5.000000000000071054e-02 0.000000000000000000e+00 0.000000000000000000e+00
1.262499999999997335e+01 5.000000000000071054e-02 0.000000000000000000e+00 0.000000000000000000e+00
1.267499999999997229e+01 4.999999999999893419e-02 0.000000000000000000e+00 0.000000000000000000e+00
1.272499999999997300e+01 4.999999999999893419e-02 0.000000000000000000e+00 0.000000000000000000e+00
1.277499999999997193e+01 5.000000000000071054e-02 0.000000000000000000e+00 0.000000000000000000e+00
1.282499999999997264e+01 5.000000000000071054e-02 0.000000000000000000e+00 0.000000000000000000e+00
1.287499999999997158e+01 4.999999999999893419e-02 0.000000000000000000e+00 0.000000000000000000e+00
1.292499999999997229e+01 4.999999999999893419e-02 0.000000000000000000e+00 0.000000000000000000e+00
1.297499999999997122e+01 5.000000000000071054e-02 0.000000000000000000e+00 0.000000000000000000e+00
1.302499999999997193e+01 5.000000000000071054e-02 0.000000000000000000e+00 0.000000000000000000e+00
1.307499999999997087e+01 4.999999999999893419e-02 0.000000000000000000e+00 0.000000000000000000e+00
1.312499999999997158e+01 4.999999999999893419e-02 0.000000000000000000e+00 0.000000000000000000e+00
1.317499999999997051e+01 5.000000000000071054e-02 0.000000000000000000e+00 0.000000000000000000e+00
1.322499999999997122e+01 5.000000000000071054e-02 0.000000000000000000e+00 0.000000000000000000e+00
1.327499999999997016e+01 4.999999999999893419e-02 0.000000000000000000e+00 0.000000000000000000e+00
1.332499999999997087e+01 4.999999999999893419e-02 0.000000000000000000e+00 0.000000000000000000e+00
1.337499999999996980e+01 5.000000000000071054e-02 0.000000000000000000e+00 0.000000000000000000e+00
1.342499999999997051e+01 5.000000000000071054e-02 0.000000000000000000e+00 0.000000000000000000e+00
1.347499999999996945e+01 4.999999999999893419e-02 0.000000000000000000e+00 0.000000000000000000e+00
1.352499999999997016e+01 4.999999999999893419e-02 0.000000000000000000e+00 0.000000000000000000e+00
1.357499999999996909e+01 5.000000000000071054e-02 0.000000000000000000e+00 0.000000000000000000e+00
1.362499999999996980e+01 5.000000000000071054e-02 0.000000000000000000e+00 0.000000000000000000e+00
1.367499999999996874e+01 4.999999999999893419e-02 0.000000000000000000e+00 0.000000000000000000e+00
1.372499999999996945e+01 4.999999999999893419e-02 0.000000000000000000e+00 0.000000000000000000e+00
1.377499999999996838e+01 5.000000000000071054e-02 0.000000000000000000e+00 0.000000000000000000e+00
1.382499999999996909e+01 5.000000000000071054e-02 0.000000000000000000e+00 0.000000000000000000e+00
1.387499999999996803e+01 4.999999999999893419e-02 0.000000000000000000e+00 0.000000000000000000e+00
1.392499999999996874e+01 4.999999999999893419e-02 0.000000000000000000e+00 0.000000000000000000e+00
1.397499999999996767e+01 5.000000000000071054e-02 0.000000000000000000e+00 0.000000000000000000e+00
1.402499999999996838e+01 5.000000000000071054e-02 0.000000000000000000e+00 0.000000000000000000e+00
1.407499999999996732e+01 4.999999999999893419e-02 0.000000000000000000e+00 0.000000000000000000e+00
1.412499999999996803e+01 4.999999999999893419e-02 0.000000000000000000e+00 0.000000000000000000e+00
1.417499999999996696e+01 5.000000000000071054e-02 0.000000000000000000e+00 0.000000000000000000e+00
1.422499999999996767e+01 5.000000000000071054e-02 0.000000000000000000e+00 0.000000000000000000e+00
1.427499999999996660e+01 4.999999999999893419e-02 0.000000000000000000e+00 0.000000000000000000e+00
1.432499999999996732e+01 4.999999999999893419e-02 0.000000000000000000e+00 0.000000000000000000e+00
1.437499999999996625e+01 5.000000000000071054e-02 0.000000000000000000e+00 0.000000000000000000e+00
1.442499999999996696e+01 5.000000000000071054e-02 0.000000000000000000e+00 0.000000000000000000e+00
1.447499999999996589e+01 4.999999999999893419e-02 0.000000000000000000e+00 0.000000000000000000e+00
1.452499999999996660e+01 4.999999999999893419e-02 0.000000000000000000e+00 0.000000000000000000e+00
1.457499999999996554e+01 5.000000000000071054e-02 0.000000000000000000e+00 0.000000000000000000e+00
1.462499999999996625e+01 5.000000000000071054e-02 0.000000000000000000e+00 0.000000000000000000e+00
1.467499999999996518e+01 4.999999999999893419e-02 0.000000000000000000e+00 0.000000000000000000e+00
1.472499999999996589e+01 4.999999999999893419e-02 0.000000000000000000e+00 0.000000000000000000e+00
1.477499999999996483e+01 5.000000000000071054e-02 0.000000000000000000e+00 0.000000000000000000e+00
1.482499999999996554e+01 5.000000000000071054e-02 0.000000000000000000e+00 0.000000000000000000e+00
1.487499999999996447e+01 4.999999999999893419e-02 0.000000000000000000e+00 0.000000000000000000e+00
1.492499999999996518e+01 4.999999999999893419e-02 0.000000000000000000e+00 0.000000000000000000e+00
1.497499999999996412e+01 5.000000000000071054e-02 0.000000000000000000e+00 0.000000000000000000e+00
1.502499999999996483e+01 5.000000000000071054e-02 0.000000000000000000e+00 0.000000000000000000e+00
1.507499999999996376e+01 4.999999999999893419e-02 0.000000000000000000e+00 0.000000000000000000e+00
1.512499999999996447e+01 4.999999999999893419e-02 0.000000000000000000e+00 0.000000000000000000e+00
1.517499999999996341e+01 5.000000000000071054e-02 0.000000000000000000e+00 0.000000000000000000e+00
1.522499999999996412e+01 5.000000000000071054e-02 0.000000000000000000e+00 0.000000000000000000e+00
1.527499999999996305e+01 4.999999999999893419e-02 0.000000000000000000e+00 0.000000000000000000e+00
1.532499999999996376e+01 4.999999999999893419e-02 0.000000000000000000e+00 0.000000000000000000e+00
1.537499999999996270e+01 5.000000000000071054e-02 0.000000000000000000e+00 0.000000000000000000e+00
1.542499999999996341e+01 5.000000000000071054e-02 0.000000000000000000e+00 0.000000000000000000e+00
1.547499999999996234e+01 4.999999999999893419e-02 0.000000000000000000e+00 0.000000000000000000e+00
1.552499999999996305e+01 4.999999999999893419e-02 0.000000000000000000e+00 0.000000000000000000e+00
1.557499999999996199e+01 5.000000000000071054e-02 0.000000000000000000e+00 0.000000000000000000e+00
1.562499999999996270e+01 5.000000000000071054e-02 0.000000000000000000e+00 0.000000000000000000e+00
1.567499999999996163e+01 4.999999999999893419e-02 0.000000000000000000e+00 0.000000000000000000e+00
1.572499999999996234e+01 4.999999999999893419e-02 0.000000000000000000e+00 0.000000000000000000e+00
1.577499999999996128e+01 5.000000000000071054e-02 0.000000000000000000e+00 0.000000000000000000e+00
1.582499999999996199e+01 5.000000000000071054e-02 0.000000000000000000e+00 0.000000000000000000e+00
1.587499999999996092e+01 4.999999999999893419e-02 0.000000000000000000e+00 0.000000000000000000e+00
1.592499999999996163e+01 4.999999999999893419e-02 0.000000000000000000e+00 0.000000000000000000e+00
