# [0] log10 Mass / Msun, [1] Bin width log10 Mass / Msun, [2] dN/dV (pc^-3), [3] dN/dVlogM (pc^-3 log10 Mass/Msun)
5.025000000000000355e+00 4.999999999999982236e-02 0.000000000000000000e+00 0.000000000000000000e+00
5.074999999999999289e+00 4.999999999999982236e-02 0.000000000000000000e+00 0.000000000000000000e+00
5.125000000000000000e+00 4.999999999999982236e-02 0.000000000000000000e+00 0.000000000000000000e+00
5.174999999999998934e+00 4.999999999999982236e-02 0.000000000000000000e+00 0.000000000000000000e+00
5.224999999999999645e+00 4.999999999999982236e-02 0.000000000000000000e+00 0.000000000000000000e+00
5.274999999999998579e+00 4.999999999999982236e-02 0.000000000000000000e+00 0.000000000000000000e+00
5.324999999999999289e+00 4.999999999999982236e-02 0.000000000000000000e+00 0.000000000000000000e+00
5.374999999999998224e+00 4.999999999999982236e-02 0.000000000000000000e+00 0.000000000000000000e+00
5.424999999999998934e+00 4.999999999999982236e-02 0.000000000000000000e+00 0.000000000000000000e+00
5.474999999999997868e+00 4.999999999999982236e-02 0.000000000000000000e+00 0.000000000000000000e+00
5.524999999999998579e+00 4.999999999999982236e-02 0.000000000000000000e+00 0.000000000000000000e+00
5.574999999999997513e+00 4.999999999999982236e-02 0.000000000000000000e+00 0.000000000000000000e+00
5.624999999999998224e+00 4.999999999999982236e-02 0.000000000000000000e+00 0.000000000000000000e+00
5.674999999999997158e+00 4.999999999999982236e-02 0.000000000000000000e+00 0.000000000000000000e+00
5.724999999999997868e+00 4.999999999999982236e-02 0.000000000000000000e+00 0.000000000000000000e+00
5.774999999999996803e+00 4.999999999999982236e-02 0.000000000000000000e+00 0.000000000000000000e+00
5.824999999999997513e+00 4.999999999999982236e-02 0.000000000000000000e+00 0.000000000000000000e+00
5.874999999999996447e+00 4.999999999999982236e-02 0.000000000000000000e+00 0.000000000000000000e+00
5.924999999999997158e+00 4.999999999999982236e-02 0.000000000000000000e+00 0.000000000000000000e+00
5.974999999999996092e+00 4.999999999999982236e-02 0.000000000000000000e+00 0.000000000000000000e+00
6.024999999999996803e+00 4.999999999999982236e-02 0.000000000000000000e+00 0.000000000000000000e+00
6.074999999999995737e+00 4.999999999999982236e-02 0.000000000000000000e+00 0.000000000000000000e+00
6.124999999999996447e+00 4.999999999999982236e-02 0.000000000000000000e+00 0.000000000000000000e+00
6.174999999999995381e+00 4.999999999999982236e-02 0.000000000000000000e+00 0.000000000000000000e+00
6.224999999999996092e+00 4.999999999999982236e-02 0.000000000000000000e+00 0.000000000000000000e+00
6.274999999999995026e+00 4.999999999999982236e-02 1.065219999999576471e-19 2.130439999999160646e-18
6.324999999999995737e+00 4.999999999999982236e-02 6.169999999999058900e-22 1.233999999999816144e-20
6.374999999999994671e+00 4.999999999999982236e-02 2.359999999999577604e-22 4.719999999999171760e-21
6.424999999999995381e+00 4.999999999999982236e-02 1.070000000000045151e-22 2.140000000000097825e-21
6.474999999999994316e+00 4.999999999999982236e-02 4.100000000000184258e-23 8.200000000000397669e-22
6.524999999999995026e+00 4.999999999999982236e-02 2.699999999998741482e-23 5.399999999997501773e-22
6.574999999999993960e+00 4.999999999999982236e-02 1.185389999999627463e-19 2.370779999999263400e-18
6.624999999999994671e+00 4.999999999999982236e-02 1.152999999999681017e-21 2.305999999999370159e-20
6.674999999999993605e+00 4.999999999999982236e-02 4.609999999999411558e-22 9.219999999998856217e-21
6.724999999999994316e+00 4.999999999999982236e-02 1.100770000000840725e-19 2.201540000001689345e-18
6.774999999999993250e+00 4.999999999999982236e-02 3.613999999997907082e-21 7.227999999995839443e-20
6.824999999999993960e+00 4.999999999999982236e-02 2.207999999998719371e-21 4.415999999997454391e-20
6.874999999999992895e+00 4.999999999999982236e-02 1.419100000002426886e-20 2.838200000004863883e-19
6.924999999999993605e+00 4.999999999999982236e-02 3.514999999999004465e-21 7.029999999998034207e-20
6.974999999999992539e+00 4.999999999999982236e-02 6.682000000005639467e-21 1.336400000001132708e-19
7.024999999999993250e+00 4.999999999999982236e-02 4.365000000001488243e-21 8.730000000003007783e-20
7.074999999999992184e+00 4.999999999999982236e-02 1.843999999999186844e-21 3.687999999998386929e-20
7.124999999999992895e+00 4.999999999999982236e-02 3.933999999999756969e-21 7.867999999999541623e-20
7.174999999999991829e+00 4.999999999999982236e-02 3.519999999999067224e-21 7.039999999998159725e-20
7.224999999999992539e+00 4.999999999999982236e-02 3.458999999998561568e-21 6.917999999997147210e-20
7.274999999999991473e+00 4.999999999999982236e-02 4.434999999997889078e-21 8.869999999995809453e-20
7.324999999999992184e+00 4.999999999999982236e-02 3.121999999998270157e-21 6.243999999996561982e-20
7.374999999999991118e+00 4.999999999999982236e-02 3.455999999997811318e-21 6.911999999995646711e-20
7.424999999999991829e+00 4.999999999999982236e-02 4.390999999997461987e-21 8.781999999994955270e-20
7.474999999999990763e+00 4.999999999999982236e-02 4.413999999998078085e-21 8.827999999996187467e-20
7.524999999999991473e+00 4.999999999999982236e-02 4.500000000000149389e-21 9.000000000000331278e-20
7.574999999999990408e+00 4.999999999999982236e-02 5.254999999999851860e-21 1.050999999999974103e-19
7.624999999999991118e+00 4.999999999999982236e-02 4.561000000002869864e-21 9.122000000005772228e-20
7.674999999999990052e+00 4.999999999999982236e-02 5.260000000005018333e-21 1.052000000001007398e-19
7.724999999999990763e+00 4.999999999999982236e-02 5.425000000004393068e-21 1.085000000000882466e-19
7.774999999999989697e+00 4.999999999999982236e-02 4.707000000002660933e-21 9.414000000005355569e-20
7.824999999999990408e+00 4.999999999999982236e-02 5.167000000002993982e-21 1.033400000000602528e-19
7.874999999999989342e+00 4.999999999999982236e-02 4.617000000001579424e-21 9.234000000003191348e-20
7.924999999999990052e+00 4.999999999999982236e-02 4.789000000001773875e-21 9.578000000003581454e-20
7.974999999999988987e+00 4.999999999999982236e-02 4.364000000001446803e-21 8.728000000002924902e-20
8.024999999999989697e+00 5.000000000000071054e-02 4.492000000002417869e-21 8.984000000004708145e-20
8.074999999999988631e+00 4.999999999999893419e-02 4.233000000003384754e-21 8.466000000006950064e-20
8.124999999999989342e+00 4.999999999999893419e-02 4.676000000005035538e-21 9.352000000010270892e-20
8.174999999999988276e+00 5.000000000000071054e-02 4.718000000008316791e-21 9.436000000016499971e-20
8.224999999999988987e+00 5.000000000000071054e-02 4.941000000014717319e-21 9.882000000029293804e-20
8.274999999999987921e+00 4.999999999999893419e-02 5.043000000015285002e-21 1.008600000003078547e-19
8.324999999999988631e+00 4.999999999999893419e-02 5.252000000016868314e-21 1.050400000003396052e-19
8.374999999999987566e+00 5.000000000000071054e-02 5.306000000017565368e-21 1.061200000003498027e-19
8.424999999999988276e+00 5.000000000000071054e-02 4.996000000016659519e-21 9.992000000033177001e-20
8.474999999999987210e+00 4.999999999999893419e-02 3.796000000011612264e-21 7.592000000023385825e-20
8.524999999999987921e+00 4.999999999999893419e-02 2.430000000005945127e-21 4.860000000011993772e-20
8.574999999999986855e+00 5.000000000000071054e-02 1.678000000002996600e-21 3.356000000005945655e-20
8.624999999999987566e+00 5.000000000000071054e-02 1.373000000001960918e-21 2.746000000003882715e-20
8.674999999999986500e+00 4.999999999999893419e-02 1.241000000001305571e-21 2.482000000002664105e-20
8.724999999999987210e+00 4.999999999999893419e-02 1.048000000000866793e-21 2.096000000001778123e-20
8.774999999999986144e+00 5.000000000000071054e-02 9.760000000003867719e-22 1.952000000000745859e-20
8.824999999999986855e+00 5.000000000000071054e-02 8.490000000001793702e-22 1.698000000000334666e-20
8.874999999999985789e+00 4.999999999999893419e-02 7.259999999996562488e-22 1.451999999999343493e-20
8.924999999999986500e+00 4.999999999999893419e-02 6.459999999997113709e-22 1.291999999999450277e-20
8.974999999999985434e+00 5.000000000000071054e-02 6.669999999997631052e-22 1.333999999999507252e-20
9.024999999999986144e+00 5.000000000000071054e-02 5.969999999996548552e-22 1.193999999999292708e-20
9.074999999999985079e+00 4.999999999999893419e-02 5.700000000012804067e-22 1.140000000002585188e-20
9.124999999999985789e+00 4.999999999999893419e-02 5.030000000026927780e-22 1.006000000005407072e-20
9.174999999999984723e+00 5.000000000000071054e-02 5.110000000027354141e-22 1.022000000005456233e-20
9.224999999999985434e+00 5.000000000000071054e-02 4.700000000024326449e-22 9.400000000048518986e-21
9.274999999999984368e+00 4.999999999999893419e-02 4.380000000023583973e-22 8.760000000047354520e-21
9.324999999999985079e+00 4.999999999999893419e-02 4.760000000024886961e-22 9.520000000049977047e-21
9.374999999999984013e+00 5.000000000000071054e-02 4.610000000024930129e-22 9.220000000049729356e-21
9.424999999999984723e+00 5.000000000000071054e-02 4.300000000023157612e-22 8.600000000046193349e-21
9.474999999999983658e+00 4.999999999999893419e-02 4.260000000022462950e-22 8.520000000045107960e-21
9.524999999999984368e+00 4.999999999999893419e-02 4.150000000022237816e-22 8.300000000044653178e-21
9.574999999999983302e+00 5.000000000000071054e-02 3.910000000020958735e-22 7.820000000041806127e-21
9.624999999999984013e+00 5.000000000000071054e-02 3.620000000019052066e-22 7.240000000038001818e-21
9.674999999999982947e+00 4.999999999999893419e-02 3.700000000019478427e-22 7.400000000039114840e-21
9.724999999999983658e+00 4.999999999999893419e-02 4.080000000021744380e-22 8.160000000043663297e-21
9.774999999999982592e+00 5.000000000000071054e-02 3.540000000018625706e-22 7.080000000037150602e-21
9.824999999999983302e+00 5.000000000000071054e-02 3.750000000020106014e-22 7.500000000040105199e-21
9.874999999999982236e+00 4.999999999999893419e-02 3.450000000018266421e-22 6.900000000036680296e-21
9.924999999999982947e+00 4.999999999999893419e-02 3.280000000017480776e-22 6.560000000035101483e-21
9.974999999999981881e+00 5.000000000000071054e-02 3.070000000016963433e-22 6.140000000033839598e-21
1.002499999999998259e+01 5.000000000000071054e-02 2.670000000013868666e-22 5.340000000027661348e-21
1.007499999999998153e+01 4.999999999999893419e-02 2.630000000014136968e-22 5.260000000028386032e-21
1.012499999999998224e+01 4.999999999999893419e-02 2.400000000012790812e-22 4.800000000025683938e-21
1.017499999999998117e+01 5.000000000000071054e-02 2.380000000012924963e-22 4.760000000025782217e-21
1.022499999999998188e+01 5.000000000000071054e-02 1.830000000009873365e-22 3.660000000019694819e-21
1.027499999999998082e+01 4.999999999999893419e-02 2.180000000011377579e-22 4.360000000022848446e-21
1.032499999999998153e+01 4.999999999999893419e-02 2.000000000010659010e-22 4.000000000021403031e-21
1.037499999999998046e+01 5.000000000000071054e-02 1.860000000009672138e-22 3.720000000019291614e-21
1.042499999999998117e+01 5.000000000000071054e-02 1.440000000007674487e-22 2.880000000015307973e-21
1.047499999999998010e+01 4.999999999999893419e-02 1.410000000007875714e-22 2.820000000015811613e-21
1.052499999999998082e+01 4.999999999999893419e-02 1.210000000006328330e-22 2.420000000012708194e-21
1.057499999999997975e+01 5.000000000000071054e-02 1.150000000005767819e-22 2.300000000011502912e-21
1.062499999999998046e+01 5.000000000000071054e-02 1.020000000005676836e-22 2.040000000011324708e-21
1.067499999999997939e+01 4.999999999999893419e-02 9.400000000052504758e-23 1.880000000010541201e-21
1.072499999999998010e+01 4.999999999999893419e-02 9.600000000051163247e-23 1.920000000010273651e-21
1.077499999999997904e+01 5.000000000000071054e-02 9.500000000051834003e-23 1.900000000010339717e-21
1.082499999999997975e+01 5.000000000000071054e-02 5.900000000027832960e-23 1.180000000005549853e-21
1.087499999999997868e+01 4.999999999999893419e-02 5.800000000028503716e-23 1.160000000005725382e-21
1.092499999999997939e+01 4.999999999999893419e-02 7.000000000039713947e-23 1.400000000007972694e-21
1.097499999999997833e+01 5.000000000000071054e-02 5.200000000022898601e-23 1.040000000004564862e-21
1.102499999999997904e+01 5.000000000000071054e-02 5.000000000033869762e-23 1.000000000006759658e-21
1.107499999999997797e+01 4.999999999999893419e-02 4.500000000017964241e-23 9.000000000036120322e-22
1.112499999999997868e+01 4.999999999999893419e-02 4.700000000026252379e-23 9.400000000052706003e-22
1.117499999999997762e+01 5.000000000000071054e-02 5.500000000030515983e-23 1.100000000006087586e-21
1.122499999999997833e+01 5.000000000000071054e-02 5.400000000031186739e-23 1.080000000006221925e-21
1.127499999999997726e+01 4.999999999999893419e-02 3.600000000014371393e-23 7.200000000028896070e-22
1.132499999999997797e+01 4.999999999999893419e-02 3.300000000016383660e-23 6.600000000032908379e-22
1.137499999999997691e+01 5.000000000000071054e-02 2.900000000019066683e-23 5.800000000038050611e-22
1.142499999999997762e+01 5.000000000000071054e-02 3.600000000024001042e-23 7.200000000047899582e-22
1.147499999999997655e+01 4.999999999999893419e-02 2.300000000003831918e-23 4.600000000007761637e-22
1.152499999999997726e+01 4.999999999999893419e-02 1.400000000009868719e-23 2.800000000019797154e-22
1.157499999999997620e+01 5.000000000000071054e-02 2.900000000019066683e-23 5.800000000038050611e-22
1.162499999999997691e+01 5.000000000000071054e-02 2.500000000012120056e-23 5.000000000024168642e-22
1.167499999999997584e+01 4.999999999999893419e-02 2.500000000012120056e-23 5.000000000024346377e-22
1.172499999999997655e+01 4.999999999999893419e-02 1.900000000006514941e-23 3.800000000013110755e-22
1.177499999999997549e+01 5.000000000000071054e-02 2.300000000013461567e-23 4.600000000026857307e-22
1.182499999999997620e+01 5.000000000000071054e-02 1.500000000009197964e-23 3.000000000018353139e-22
1.187499999999997513e+01 4.999999999999893419e-02 1.500000000009197964e-23 3.000000000018459874e-22
1.192499999999997584e+01 4.999999999999893419e-02 1.800000000007185696e-23 3.600000000014448035e-22
1.197499999999997478e+01 5.000000000000071054e-02 1.000000000012551742e-23 2.000000000025075037e-22
1.202499999999997549e+01 5.000000000000071054e-02 8.000000000042636039e-24 1.600000000008504403e-22
1.207499999999997442e+01 4.999999999999893419e-02 9.000000000035928482e-24 1.800000000007224017e-22
1.212499999999997513e+01 4.999999999999893419e-02 1.500000000009197964e-23 3.000000000018459874e-22
1.217499999999997407e+01 5.000000000000071054e-02 9.000000000035928482e-24 1.800000000007160071e-22
1.222499999999997478e+01 5.000000000000071054e-02 1.500000000009197964e-23 3.000000000018353139e-22
1.227499999999997371e+01 4.999999999999893419e-02 1.000000000002922092e-23 2.000000000005886738e-22
1.232499999999997442e+01 4.999999999999893419e-02 7.000000000049343596e-24 1.400000000009898577e-22
1.237499999999997335e+01 5.000000000000071054e-02 1.000000000002922092e-23 2.000000000005815738e-22
1.242499999999997407e+01 5.000000000000071054e-02 1.000000000002922092e-23 2.000000000005815738e-22
1.247499999999997300e+01 4.999999999999893419e-02 5.000000000062758711e-24 1.000000000012573019e-22
1.252499999999997371e+01 4.999999999999893419e-02 4.999999999966462214e-24 9.999999999933137192e-23
1.257499999999997264e+01 5.000000000000071054e-02 8.000000000042636039e-24 1.600000000008504403e-22
1.262499999999997335e+01 5.000000000000071054e-02 5.000000000062758711e-24 1.000000000012537519e-22
1.267499999999997229e+01 4.999999999999893419e-02 6.000000000056051154e-24 1.200000000011235856e-22
1.272499999999997300e+01 4.999999999999893419e-02 4.999999999966462214e-24 9.999999999933137192e-23
1.277499999999997193e+01 5.000000000000071054e-02 7.000000000049343596e-24 1.400000000009848736e-22
1.282499999999997264e+01 5.000000000000071054e-02 2.000000000082881383e-24 4.000000000165705754e-23
1.287499999999997158e+01 4.999999999999893419e-02 9.999999999932924427e-25 1.999999999986627497e-23
1.292499999999997229e+01 4.999999999999893419e-02 4.999999999966462214e-24 9.999999999933137192e-23
1.297499999999997122e+01 5.000000000000071054e-02 4.000000000069466268e-24 8.000000000138818513e-23
1.302499999999997193e+01 5.000000000000071054e-02 9.999999999932924427e-25 1.999999999986556380e-23
1.307499999999997087e+01 4.999999999999893419e-02 1.999999999986584885e-24 3.999999999973254994e-23
1.312499999999997158e+01 4.999999999999893419e-02 9.999999999932924427e-25 1.999999999986627497e-23
1.317499999999997051e+01 5.000000000000071054e-02 2.000000000082881383e-24 4.000000000165705754e-23
1.322499999999997122e+01 5.000000000000071054e-02 0.000000000000000000e+00 0.000000000000000000e+00
1.327499999999997016e+01 4.999999999999893419e-02 0.000000000000000000e+00 0.000000000000000000e+00
1.332499999999997087e+01 4.999999999999893419e-02 9.999999999932924427e-25 1.999999999986627497e-23
1.337499999999996980e+01 5.000000000000071054e-02 0.000000000000000000e+00 0.000000000000000000e+00
1.342499999999997051e+01 5.000000000000071054e-02 9.999999999932924427e-25 1.999999999986556380e-23
1.347499999999996945e+01 4.999999999999893419e-02 1.999999999986584885e-24 3.999999999973254994e-23
1.352499999999997016e+01 4.999999999999893419e-02 9.999999999932924427e-25 1.999999999986627497e-23
1.357499999999996909e+01 5.000000000000071054e-02 0.000000000000000000e+00 0.000000000000000000e+00
1.362499999999996980e+01 5.000000000000071054e-02 9.999999999932924427e-25 1.999999999986556380e-23
1.367499999999996874e+01 4.999999999999893419e-02 9.999999999932924427e-25 1.999999999986627497e-23
1.372499999999996945e+01 4.999999999999893419e-02 0.000000000000000000e+00 0.000000000000000000e+00
1.377499999999996838e+01 5.000000000000071054e-02 0.000000000000000000e+00 0.000000000000000000e+00
1.382499999999996909e+01 5.000000000000071054e-02 1.000000000089588940e-24 2.000000000179149374e-23
1.387499999999996803e+01 4.999999999999893419e-02 0.000000000000000000e+00 0.000000000000000000e+00
1.392499999999996874e+01 4.999999999999893419e-02 0.000000000000000000e+00 0.000000000000000000e+00
1.397499999999996767e+01 5.000000000000071054e-02 0.000000000000000000e+00 0.000000000000000000e+00
1.402499999999996838e+01 5.000000000000071054e-02 0.000000000000000000e+00 0.000000000000000000e+00
1.407499999999996732e+01 4.999999999999893419e-02 0.000000000000000000e+00 0.000000000000000000e+00
1.412499999999996803e+01 4.999999999999893419e-02 0.000000000000000000e+00 0.000000000000000000e+00
1.417499999999996696e+01 5.000000000000071054e-02 0.000000000000000000e+00 0.000000000000000000e+00
1.422499999999996767e+01 5.000000000000071054e-02 0.000000000000000000e+00 0.000000000000000000e+00
1.427499999999996660e+01 4.999999999999893419e-02 0.000000000000000000e+00 0.000000000000000000e+00
1.432499999999996732e+01 4.999999999999893419e-02 0.000000000000000000e+00 0.000000000000000000e+00
1.437499999999996625e+01 5.000000000000071054e-02 0.000000000000000000e+00 0.000000000000000000e+00
1.442499999999996696e+01 5.000000000000071054e-02 0.000000000000000000e+00 0.000000000000000000e+00
1.447499999999996589e+01 4.999999999999893419e-02 0.000000000000000000e+00 0.000000000000000000e+00
1.452499999999996660e+01 4.999999999999893419e-02 0.000000000000000000e+00 0.000000000000000000e+00
1.457499999999996554e+01 5.000000000000071054e-02 0.000000000000000000e+00 0.000000000000000000e+00
1.462499999999996625e+01 5.000000000000071054e-02 0.000000000000000000e+00 0.000000000000000000e+00
1.467499999999996518e+01 4.999999999999893419e-02 0.000000000000000000e+00 0.000000000000000000e+00
1.472499999999996589e+01 4.999999999999893419e-02 0.000000000000000000e+00 0.000000000000000000e+00
1.477499999999996483e+01 5.000000000000071054e-02 0.000000000000000000e+00 0.000000000000000000e+00
1.482499999999996554e+01 5.000000000000071054e-02 0.000000000000000000e+00 0.000000000000000000e+00
1.487499999999996447e+01 4.999999999999893419e-02 0.000000000000000000e+00 0.000000000000000000e+00
1.492499999999996518e+01 4.999999999999893419e-02 0.000000000000000000e+00 0.000000000000000000e+00
1.497499999999996412e+01 5.000000000000071054e-02 0.000000000000000000e+00 0.000000000000000000e+00
1.502499999999996483e+01 5.000000000000071054e-02 0.000000000000000000e+00 0.000000000000000000e+00
1.507499999999996376e+01 4.999999999999893419e-02 0.000000000000000000e+00 0.000000000000000000e+00
1.512499999999996447e+01 4.999999999999893419e-02 0.000000000000000000e+00 0.000000000000000000e+00
1.517499999999996341e+01 5.000000000000071054e-02 0.000000000000000000e+00 0.000000000000000000e+00
1.522499999999996412e+01 5.000000000000071054e-02 0.000000000000000000e+00 0.000000000000000000e+00
1.527499999999996305e+01 4.999999999999893419e-02 0.000000000000000000e+00 0.000000000000000000e+00
1.532499999999996376e+01 4.999999999999893419e-02 0.000000000000000000e+00 0.000000000000000000e+00
1.537499999999996270e+01 5.000000000000071054e-02 0.000000000000000000e+00 0.000000000000000000e+00
1.542499999999996341e+01 5.000000000000071054e-02 0.000000000000000000e+00 0.000000000000000000e+00
1.547499999999996234e+01 4.999999999999893419e-02 0.000000000000000000e+00 0.000000000000000000e+00
1.552499999999996305e+01 4.999999999999893419e-02 0.000000000000000000e+00 0.000000000000000000e+00
1.557499999999996199e+01 5.000000000000071054e-02 0.000000000000000000e+00 0.000000000000000000e+00
1.562499999999996270e+01 5.000000000000071054e-02 0.000000000000000000e+00 0.000000000000000000e+00
1.567499999999996163e+01 4.999999999999893419e-02 0.000000000000000000e+00 0.000000000000000000e+00
1.572499999999996234e+01 4.999999999999893419e-02 0.000000000000000000e+00 0.000000000000000000e+00
1.577499999999996128e+01 5.000000000000071054e-02 0.000000000000000000e+00 0.000000000000000000e+00
1.582499999999996199e+01 5.000000000000071054e-02 0.000000000000000000e+00 0.000000000000000000e+00
1.587499999999996092e+01 4.999999999999893419e-02 0.000000000000000000e+00 0.000000000000000000e+00
1.592499999999996163e+01 4.999999999999893419e-02 0.000000000000000000e+00 0.000000000000000000e+00
