# [0] log10 Mass / Msun, [1] Bin width log10 Mass / Msun, [2] dN/dV (pc^-3), [3] dN/dVlogM (pc^-3 log10 Mass/Msun)
5.025000000000000355e+00 4.999999999999982236e-02 0.000000000000000000e+00 0.000000000000000000e+00
5.074999999999999289e+00 4.999999999999982236e-02 0.000000000000000000e+00 0.000000000000000000e+00
5.125000000000000000e+00 4.999999999999982236e-02 0.000000000000000000e+00 0.000000000000000000e+00
5.174999999999998934e+00 4.999999999999982236e-02 0.000000000000000000e+00 0.000000000000000000e+00
5.224999999999999645e+00 4.999999999999982236e-02 0.000000000000000000e+00 0.000000000000000000e+00
5.274999999999998579e+00 4.999999999999982236e-02 0.000000000000000000e+00 0.000000000000000000e+00
5.324999999999999289e+00 4.999999999999982236e-02 0.000000000000000000e+00 0.000000000000000000e+00
5.374999999999998224e+00 4.999999999999982236e-02 0.000000000000000000e+00 0.000000000000000000e+00
5.424999999999998934e+00 4.999999999999982236e-02 0.000000000000000000e+00 0.000000000000000000e+00
5.474999999999997868e+00 4.999999999999982236e-02 0.000000000000000000e+00 0.000000000000000000e+00
5.524999999999998579e+00 4.999999999999982236e-02 0.000000000000000000e+00 0.000000000000000000e+00
5.574999999999997513e+00 4.999999999999982236e-02 0.000000000000000000e+00 0.000000000000000000e+00
5.624999999999998224e+00 4.999999999999982236e-02 0.000000000000000000e+00 0.000000000000000000e+00
5.674999999999997158e+00 4.999999999999982236e-02 0.000000000000000000e+00 0.000000000000000000e+00
5.724999999999997868e+00 4.999999999999982236e-02 0.000000000000000000e+00 0.000000000000000000e+00
5.774999999999996803e+00 4.999999999999982236e-02 0.000000000000000000e+00 0.000000000000000000e+00
5.824999999999997513e+00 4.999999999999982236e-02 0.000000000000000000e+00 0.000000000000000000e+00
5.874999999999996447e+00 4.999999999999982236e-02 0.000000000000000000e+00 0.000000000000000000e+00
5.924999999999997158e+00 4.999999999999982236e-02 0.000000000000000000e+00 0.000000000000000000e+00
5.974999999999996092e+00 4.999999999999982236e-02 0.000000000000000000e+00 0.000000000000000000e+00
6.024999999999996803e+00 4.999999999999982236e-02 0.000000000000000000e+00 0.000000000000000000e+00
6.074999999999995737e+00 4.999999999999982236e-02 0.000000000000000000e+00 0.000000000000000000e+00
6.124999999999996447e+00 4.999999999999982236e-02 0.000000000000000000e+00 0.000000000000000000e+00
6.174999999999995381e+00 4.999999999999982236e-02 0.000000000000000000e+00 0.000000000000000000e+00
6.224999999999996092e+00 4.999999999999982236e-02 0.000000000000000000e+00 0.000000000000000000e+00
6.274999999999995026e+00 4.999999999999982236e-02 0.000000000000000000e+00 0.000000000000000000e+00
6.324999999999995737e+00 4.999999999999982236e-02 0.000000000000000000e+00 0.000000000000000000e+00
6.374999999999994671e+00 4.999999999999982236e-02 0.000000000000000000e+00 0.000000000000000000e+00
6.424999999999995381e+00 4.999999999999982236e-02 0.000000000000000000e+00 0.000000000000000000e+00
6.474999999999994316e+00 4.999999999999982236e-02 0.000000000000000000e+00 0.000000000000000000e+00
6.524999999999995026e+00 4.999999999999982236e-02 0.000000000000000000e+00 0.000000000000000000e+00
6.574999999999993960e+00 4.999999999999982236e-02 0.000000000000000000e+00 0.000000000000000000e+00
6.624999999999994671e+00 4.999999999999982236e-02 0.000000000000000000e+00 0.000000000000000000e+00
6.674999999999993605e+00 4.999999999999982236e-02 0.000000000000000000e+00 0.000000000000000000e+00
6.724999999999994316e+00 4.999999999999982236e-02 0.000000000000000000e+00 0.000000000000000000e+00
6.774999999999993250e+00 4.999999999999982236e-02 0.000000000000000000e+00 0.000000000000000000e+00
6.824999999999993960e+00 4.999999999999982236e-02 0.000000000000000000e+00 0.000000000000000000e+00
6.874999999999992895e+00 4.999999999999982236e-02 0.000000000000000000e+00 0.000000000000000000e+00
6.924999999999993605e+00 4.999999999999982236e-02 0.000000000000000000e+00 0.000000000000000000e+00
6.974999999999992539e+00 4.999999999999982236e-02 0.000000000000000000e+00 0.000000000000000000e+00
7.024999999999993250e+00 4.999999999999982236e-02 0.000000000000000000e+00 0.000000000000000000e+00
7.074999999999992184e+00 4.999999999999982236e-02 0.000000000000000000e+00 0.000000000000000000e+00
7.124999999999992895e+00 4.999999999999982236e-02 0.000000000000000000e+00 0.000000000000000000e+00
7.174999999999991829e+00 4.999999999999982236e-02 0.000000000000000000e+00 0.000000000000000000e+00
7.224999999999992539e+00 4.999999999999982236e-02 0.000000000000000000e+00 0.000000000000000000e+00
7.274999999999991473e+00 4.999999999999982236e-02 0.000000000000000000e+00 0.000000000000000000e+00
7.324999999999992184e+00 4.999999999999982236e-02 0.000000000000000000e+00 0.000000000000000000e+00
7.374999999999991118e+00 4.999999999999982236e-02 0.000000000000000000e+00 0.000000000000000000e+00
7.424999999999991829e+00 4.999999999999982236e-02 0.000000000000000000e+00 0.000000000000000000e+00
7.474999999999990763e+00 4.999999999999982236e-02 0.000000000000000000e+00 0.000000000000000000e+00
7.524999999999991473e+00 4.999999999999982236e-02 0.000000000000000000e+00 0.000000000000000000e+00
7.574999999999990408e+00 4.999999999999982236e-02 0.000000000000000000e+00 0.000000000000000000e+00
7.624999999999991118e+00 4.999999999999982236e-02 0.000000000000000000e+00 0.000000000000000000e+00
7.674999999999990052e+00 4.999999999999982236e-02 0.000000000000000000e+00 0.000000000000000000e+00
7.724999999999990763e+00 4.999999999999982236e-02 0.000000000000000000e+00 0.000000000000000000e+00
7.774999999999989697e+00 4.999999999999982236e-02 0.000000000000000000e+00 0.000000000000000000e+00
7.824999999999990408e+00 4.999999999999982236e-02 0.000000000000000000e+00 0.000000000000000000e+00
7.874999999999989342e+00 4.999999999999982236e-02 0.000000000000000000e+00 0.000000000000000000e+00
7.924999999999990052e+00 4.999999999999982236e-02 0.000000000000000000e+00 0.000000000000000000e+00
7.974999999999988987e+00 4.999999999999982236e-02 0.000000000000000000e+00 0.000000000000000000e+00
8.024999999999989697e+00 5.000000000000071054e-02 0.000000000000000000e+00 0.000000000000000000e+00
8.074999999999988631e+00 4.999999999999893419e-02 0.000000000000000000e+00 0.000000000000000000e+00
8.124999999999989342e+00 4.999999999999893419e-02 0.000000000000000000e+00 0.000000000000000000e+00
8.174999999999988276e+00 5.000000000000071054e-02 0.000000000000000000e+00 0.000000000000000000e+00
8.224999999999988987e+00 5.000000000000071054e-02 0.000000000000000000e+00 0.000000000000000000e+00
8.274999999999987921e+00 4.999999999999893419e-02 0.000000000000000000e+00 0.000000000000000000e+00
8.324999999999988631e+00 4.999999999999893419e-02 0.000000000000000000e+00 0.000000000000000000e+00
8.374999999999987566e+00 5.000000000000071054e-02 0.000000000000000000e+00 0.000000000000000000e+00
8.424999999999988276e+00 5.000000000000071054e-02 0.000000000000000000e+00 0.000000000000000000e+00
8.474999999999987210e+00 4.999999999999893419e-02 0.000000000000000000e+00 0.000000000000000000e+00
8.524999999999987921e+00 4.999999999999893419e-02 0.000000000000000000e+00 0.000000000000000000e+00
8.574999999999986855e+00 5.000000000000071054e-02 1.295039999999639240e-19 2.590079999999241503e-18
8.624999999999987566e+00 5.000000000000071054e-02 1.340689999999758671e-19 2.681379999999479208e-18
8.674999999999986500e+00 4.999999999999893419e-02 1.119419999999833553e-19 2.238839999999714676e-18
8.724999999999987210e+00 4.999999999999893419e-02 1.278390000000031625e-19 2.556780000000117754e-18
8.774999999999986144e+00 5.000000000000071054e-02 1.039940000000165891e-19 2.079880000000302123e-18
8.824999999999986855e+00 5.000000000000071054e-02 9.779100000005020348e-20 1.955820000000976336e-18
8.874999999999985789e+00 4.999999999999893419e-02 8.103900000001725707e-20 1.620780000000379615e-18
8.924999999999986500e+00 4.999999999999893419e-02 8.357200000001442241e-20 1.671440000000324078e-18
8.974999999999985434e+00 5.000000000000071054e-02 8.168900000000336380e-20 1.633780000000043972e-18
9.024999999999986144e+00 5.000000000000071054e-02 6.662200000007967837e-20 1.332440000001574693e-18
9.074999999999985079e+00 4.999999999999893419e-02 6.329600000005672835e-20 1.265920000001161530e-18
9.124999999999985789e+00 4.999999999999893419e-02 5.908300000013535036e-20 1.181660000002732237e-18
9.174999999999984723e+00 5.000000000000071054e-02 5.427100000010137513e-20 1.085420000002012095e-18
9.224999999999985434e+00 5.000000000000071054e-02 4.839099999997730412e-20 9.678199999995324082e-19
9.274999999999984368e+00 4.999999999999893419e-02 4.318899999997521897e-20 8.637799999995227721e-19
9.324999999999985079e+00 4.999999999999893419e-02 4.049999999999354448e-20 8.099999999998881268e-19
9.374999999999984013e+00 5.000000000000071054e-02 3.775499999999760855e-20 7.550999999999414821e-19
9.424999999999984723e+00 5.000000000000071054e-02 3.279099999999026774e-20 6.558199999997960141e-19
9.474999999999983658e+00 4.999999999999893419e-02 3.056500000000115431e-20 6.113000000000360863e-19
9.524999999999984368e+00 4.999999999999893419e-02 2.719200000003369744e-20 5.438400000006855044e-19
9.574999999999983302e+00 5.000000000000071054e-02 2.522800000002645623e-20 5.045600000005219986e-19
9.624999999999984013e+00 5.000000000000071054e-02 2.272100000000273125e-20 4.544200000000481731e-19
9.674999999999982947e+00 4.999999999999893419e-02 2.100300000004853638e-20 4.200600000009796833e-19
9.724999999999983658e+00 4.999999999999893419e-02 1.915700000005899261e-20 3.831400000011880373e-19
9.774999999999982592e+00 5.000000000000071054e-02 1.720900000001428103e-20 3.441800000002807095e-19
9.824999999999983302e+00 5.000000000000071054e-02 1.590300000000050772e-20 3.180600000000056284e-19
9.874999999999982236e+00 4.999999999999893419e-02 1.419900000000038182e-20 2.839800000000137030e-19
9.924999999999982947e+00 4.999999999999893419e-02 1.264900000002214152e-20 2.529800000004482229e-19
9.974999999999981881e+00 5.000000000000071054e-02 1.147700000002884722e-20 2.295400000005736702e-19
1.002499999999998259e+01 5.000000000000071054e-02 1.033000000001217777e-20 2.066000000002406184e-19
1.007499999999998153e+01 4.999999999999893419e-02 9.235000000017885505e-21 1.847000000003616583e-19
1.012499999999998224e+01 4.999999999999893419e-02 8.133000000042610602e-21 1.626600000008556787e-19
1.017499999999998117e+01 5.000000000000071054e-02 7.475000000014283366e-21 1.495000000002835488e-19
1.022499999999998188e+01 5.000000000000071054e-02 6.659999999996157383e-21 1.331999999999212458e-19
1.027499999999998082e+01 4.999999999999893419e-02 5.928999999997112451e-21 1.185799999999447768e-19
1.032499999999998153e+01 4.999999999999893419e-02 5.288999999997553428e-21 1.057799999999533195e-19
1.037499999999998046e+01 5.000000000000071054e-02 4.768999999998730242e-21 9.537999999997324465e-20
1.042499999999998117e+01 5.000000000000071054e-02 4.334000000002707291e-21 8.668000000005291804e-20
1.047499999999998010e+01 4.999999999999893419e-02 3.895000000009022286e-21 7.790000000018210683e-20
1.052499999999998082e+01 4.999999999999893419e-02 3.519999999999885744e-21 7.039999999999921951e-20
1.057499999999997975e+01 5.000000000000071054e-02 3.164999999997933584e-21 6.329999999995776890e-20
1.062499999999998046e+01 5.000000000000071054e-02 2.829999999998158389e-21 5.659999999996236131e-20
1.067499999999997939e+01 4.999999999999893419e-02 2.582999999998178116e-21 5.165999999996466370e-20
1.072499999999998010e+01 4.999999999999893419e-02 2.336999999998480024e-21 4.673999999997059955e-20
1.077499999999997904e+01 5.000000000000071054e-02 2.090999999998589339e-21 4.181999999997119094e-20
1.082499999999997975e+01 5.000000000000071054e-02 1.893999999998658873e-21 3.787999999997264181e-20
1.087499999999997868e+01 4.999999999999893419e-02 1.702999999998880755e-21 3.405999999997834335e-20
1.092499999999997939e+01 4.999999999999893419e-02 1.494000000001919675e-21 2.988000000003903147e-20
1.097499999999997833e+01 5.000000000000071054e-02 1.318000000006952065e-21 2.636000000013866815e-20
1.102499999999997904e+01 5.000000000000071054e-02 1.212000000006507508e-21 2.424000000012980711e-20
1.107499999999997797e+01 4.999999999999893419e-02 1.146000000005987242e-21 2.292000000012023234e-20
1.112499999999997868e+01 4.999999999999893419e-02 9.310000000050219544e-22 1.862000000010083631e-20
1.117499999999997762e+01 5.000000000000071054e-02 9.300000000049323654e-22 1.860000000009838249e-20
1.122499999999997833e+01 5.000000000000071054e-02 8.210000000044116347e-22 1.642000000008799797e-20
1.127499999999997726e+01 4.999999999999893419e-02 7.440000000038688551e-22 1.488000000007769308e-20
1.132499999999997797e+01 4.999999999999893419e-02 6.700000000035948424e-22 1.340000000007218273e-20
1.137499999999997691e+01 5.000000000000071054e-02 6.630000000035454988e-22 1.326000000007072190e-20
1.142499999999997762e+01 5.000000000000071054e-02 5.470000000029754245e-22 1.094000000005935351e-20
1.147499999999997655e+01 4.999999999999893419e-02 4.740000000025984077e-22 9.480000000052169775e-21
1.152499999999997726e+01 4.999999999999893419e-02 4.680000000024460600e-22 9.360000000049121317e-21
1.157499999999997620e+01 5.000000000000071054e-02 3.890000000021092886e-22 7.780000000042075934e-21
1.162499999999997691e+01 5.000000000000071054e-02 3.310000000017279549e-22 6.620000000034465059e-21
1.167499999999997584e+01 4.999999999999893419e-02 3.010000000015439957e-22 6.020000000031008559e-21
1.172499999999997655e+01 4.999999999999893419e-02 2.730000000015392143e-22 5.460000000030900894e-21
1.177499999999997549e+01 5.000000000000071054e-02 2.610000000012345190e-22 5.220000000024615900e-21
1.182499999999997620e+01 5.000000000000071054e-02 2.410000000013686701e-22 4.820000000027304941e-21
1.187499999999997513e+01 4.999999999999893419e-02 2.190000000011310504e-22 4.380000000022714295e-21
1.192499999999997584e+01 4.999999999999893419e-02 1.850000000009739213e-22 3.700000000019557420e-21
1.197499999999997478e+01 5.000000000000071054e-02 1.910000000011262690e-22 3.820000000022471213e-21
1.202499999999997549e+01 5.000000000000071054e-02 1.530000000008033772e-22 3.060000000016023909e-21
1.207499999999997442e+01 4.999999999999893419e-02 1.210000000006328330e-22 2.420000000012708194e-21
1.212499999999997513e+01 4.999999999999893419e-02 1.300000000006687615e-22 2.600000000013430525e-21
1.217499999999997407e+01 5.000000000000071054e-02 9.300000000043545864e-23 1.860000000008682842e-21
1.222499999999997478e+01 5.000000000000071054e-02 1.030000000005609761e-22 2.060000000011190181e-21
1.227499999999997371e+01 4.999999999999893419e-02 8.800000000056529293e-23 1.760000000011343474e-21
1.232499999999997442e+01 4.999999999999893419e-02 9.200000000034586970e-23 1.840000000006956515e-21
1.237499999999997335e+01 5.000000000000071054e-02 7.200000000048002085e-23 1.440000000009579916e-21
1.242499999999997407e+01 5.000000000000071054e-02 7.600000000045319062e-23 1.520000000009042183e-21
1.247499999999997300e+01 4.999999999999893419e-02 6.000000000017532555e-23 1.200000000003532090e-21
1.252499999999997371e+01 4.999999999999893419e-02 5.900000000047092260e-23 1.180000000009443655e-21
1.257499999999997264e+01 5.000000000000071054e-02 5.000000000024240112e-23 1.000000000004833728e-21
1.262499999999997335e+01 5.000000000000071054e-02 3.500000000005412499e-23 7.000000000010725316e-22
1.267499999999997229e+01 4.999999999999893419e-02 4.100000000039906563e-23 8.200000000079988040e-22
1.272499999999997300e+01 4.999999999999893419e-02 4.300000000019305752e-23 8.600000000038793941e-22
1.277499999999997193e+01 5.000000000000071054e-02 4.000000000011688370e-23 8.000000000023262952e-22
1.282499999999997264e+01 5.000000000000071054e-02 2.700000000010778545e-23 5.400000000021479977e-22
1.287499999999997158e+01 4.999999999999893419e-02 2.800000000019737439e-23 5.600000000039594307e-22
1.292499999999997229e+01 4.999999999999893419e-02 1.300000000000909825e-23 2.600000000001875134e-22
1.297499999999997122e+01 5.000000000000071054e-02 1.800000000026444996e-23 3.600000000052838740e-22
1.302499999999997193e+01 5.000000000000071054e-02 3.300000000006754010e-23 6.600000000013413981e-22
1.307499999999997087e+01 4.999999999999893419e-02 1.300000000000909825e-23 2.600000000001875134e-22
1.312499999999997158e+01 4.999999999999893419e-02 1.300000000020169125e-23 2.600000000040393733e-22
1.317499999999997051e+01 5.000000000000071054e-02 1.600000000008527208e-23 3.200000000017008806e-22
1.322499999999997122e+01 5.000000000000071054e-02 1.200000000011210231e-23 2.400000000022386137e-22
1.327499999999997016e+01 4.999999999999893419e-02 7.999999999946339542e-24 1.599999999989301998e-22
1.332499999999997087e+01 4.999999999999893419e-02 1.000000000012551742e-23 2.000000000025146037e-22
1.337499999999996980e+01 5.000000000000071054e-02 7.000000000049343596e-24 1.400000000009848736e-22
1.342499999999997051e+01 5.000000000000071054e-02 9.000000000035928482e-24 1.800000000007160071e-22
1.347499999999996945e+01 4.999999999999893419e-02 9.000000000035928482e-24 1.800000000007224017e-22
1.352499999999997016e+01 4.999999999999893419e-02 7.000000000049343596e-24 1.400000000009898577e-22
1.357499999999996909e+01 5.000000000000071054e-02 9.999999998969959455e-25 1.999999999793963385e-23
1.362499999999996980e+01 5.000000000000071054e-02 5.000000000062758711e-24 1.000000000012537519e-22
1.367499999999996874e+01 4.999999999999893419e-02 5.000000000062758711e-24 1.000000000012573019e-22
1.372499999999996945e+01 4.999999999999893419e-02 9.999999998969959455e-25 1.999999999794034503e-23
1.377499999999996838e+01 5.000000000000071054e-02 5.000000000062758711e-24 1.000000000012537519e-22
1.382499999999996909e+01 5.000000000000071054e-02 1.999999999986584885e-24 3.999999999973112759e-23
1.387499999999996803e+01 4.999999999999893419e-02 0.000000000000000000e+00 0.000000000000000000e+00
1.392499999999996874e+01 4.999999999999893419e-02 3.000000000076173825e-24 6.000000000152475780e-23
1.397499999999996767e+01 5.000000000000071054e-02 0.000000000000000000e+00 0.000000000000000000e+00
1.402499999999996838e+01 5.000000000000071054e-02 0.000000000000000000e+00 0.000000000000000000e+00
1.407499999999996732e+01 4.999999999999893419e-02 1.000000000089588940e-24 2.000000000179220492e-23
1.412499999999996803e+01 4.999999999999893419e-02 0.000000000000000000e+00 0.000000000000000000e+00
1.417499999999996696e+01 5.000000000000071054e-02 0.000000000000000000e+00 0.000000000000000000e+00
1.422499999999996767e+01 5.000000000000071054e-02 2.999999999883580831e-24 5.999999999767075851e-23
1.427499999999996660e+01 4.999999999999893419e-02 1.000000000089588940e-24 2.000000000179220492e-23
1.432499999999996732e+01 4.999999999999893419e-02 0.000000000000000000e+00 0.000000000000000000e+00
1.437499999999996625e+01 5.000000000000071054e-02 0.000000000000000000e+00 0.000000000000000000e+00
1.442499999999996696e+01 5.000000000000071054e-02 1.999999999986584885e-24 3.999999999973112759e-23
1.447499999999996589e+01 4.999999999999893419e-02 0.000000000000000000e+00 0.000000000000000000e+00
1.452499999999996660e+01 4.999999999999893419e-02 0.000000000000000000e+00 0.000000000000000000e+00
1.457499999999996554e+01 5.000000000000071054e-02 1.000000000089588940e-24 2.000000000179149374e-23
1.462499999999996625e+01 5.000000000000071054e-02 0.000000000000000000e+00 0.000000000000000000e+00
1.467499999999996518e+01 4.999999999999893419e-02 0.000000000000000000e+00 0.000000000000000000e+00
1.472499999999996589e+01 4.999999999999893419e-02 0.000000000000000000e+00 0.000000000000000000e+00
1.477499999999996483e+01 5.000000000000071054e-02 0.000000000000000000e+00 0.000000000000000000e+00
1.482499999999996554e+01 5.000000000000071054e-02 0.000000000000000000e+00 0.000000000000000000e+00
1.487499999999996447e+01 4.999999999999893419e-02 0.000000000000000000e+00 0.000000000000000000e+00
1.492499999999996518e+01 4.999999999999893419e-02 0.000000000000000000e+00 0.000000000000000000e+00
1.497499999999996412e+01 5.000000000000071054e-02 0.000000000000000000e+00 0.000000000000000000e+00
1.502499999999996483e+01 5.000000000000071054e-02 0.000000000000000000e+00 0.000000000000000000e+00
1.507499999999996376e+01 4.999999999999893419e-02 0.000000000000000000e+00 0.000000000000000000e+00
1.512499999999996447e+01 4.999999999999893419e-02 0.000000000000000000e+00 0.000000000000000000e+00
1.517499999999996341e+01 5.000000000000071054e-02 0.000000000000000000e+00 0.000000000000000000e+00
1.522499999999996412e+01 5.000000000000071054e-02 0.000000000000000000e+00 0.000000000000000000e+00
1.527499999999996305e+01 4.999999999999893419e-02 0.000000000000000000e+00 0.000000000000000000e+00
1.532499999999996376e+01 4.999999999999893419e-02 0.000000000000000000e+00 0.000000000000000000e+00
1.537499999999996270e+01 5.000000000000071054e-02 0.000000000000000000e+00 0.000000000000000000e+00
1.542499999999996341e+01 5.000000000000071054e-02 0.000000000000000000e+00 0.000000000000000000e+00
1.547499999999996234e+01 4.999999999999893419e-02 0.000000000000000000e+00 0.000000000000000000e+00
1.552499999999996305e+01 4.999999999999893419e-02 0.000000000000000000e+00 0.000000000000000000e+00
1.557499999999996199e+01 5.000000000000071054e-02 0.000000000000000000e+00 0.000000000000000000e+00
1.562499999999996270e+01 5.000000000000071054e-02 0.000000000000000000e+00 0.000000000000000000e+00
1.567499999999996163e+01 4.999999999999893419e-02 0.000000000000000000e+00 0.000000000000000000e+00
1.572499999999996234e+01 4.999999999999893419e-02 0.000000000000000000e+00 0.000000000000000000e+00
1.577499999999996128e+01 5.000000000000071054e-02 0.000000000000000000e+00 0.000000000000000000e+00
1.582499999999996199e+01 5.000000000000071054e-02 0.000000000000000000e+00 0.000000000000000000e+00
1.587499999999996092e+01 4.999999999999893419e-02 0.000000000000000000e+00 0.000000000000000000e+00
1.592499999999996163e+01 4.999999999999893419e-02 0.000000000000000000e+00 0.000000000000000000e+00
