# [0] log10 Mass / Msun, [1] Bin width log10 Mass / Msun, [2] dN/dV (pc^-3), [3] dN/dVlogM (pc^-3 log10 Mass/Msun)
5.025000000000000355e+00 4.999999999999982236e-02 0.000000000000000000e+00 0.000000000000000000e+00
5.074999999999999289e+00 4.999999999999982236e-02 0.000000000000000000e+00 0.000000000000000000e+00
5.125000000000000000e+00 4.999999999999982236e-02 0.000000000000000000e+00 0.000000000000000000e+00
5.174999999999998934e+00 4.999999999999982236e-02 0.000000000000000000e+00 0.000000000000000000e+00
5.224999999999999645e+00 4.999999999999982236e-02 0.000000000000000000e+00 0.000000000000000000e+00
5.274999999999998579e+00 4.999999999999982236e-02 0.000000000000000000e+00 0.000000000000000000e+00
5.324999999999999289e+00 4.999999999999982236e-02 0.000000000000000000e+00 0.000000000000000000e+00
5.374999999999998224e+00 4.999999999999982236e-02 0.000000000000000000e+00 0.000000000000000000e+00
5.424999999999998934e+00 4.999999999999982236e-02 0.000000000000000000e+00 0.000000000000000000e+00
5.474999999999997868e+00 4.999999999999982236e-02 0.000000000000000000e+00 0.000000000000000000e+00
5.524999999999998579e+00 4.999999999999982236e-02 0.000000000000000000e+00 0.000000000000000000e+00
5.574999999999997513e+00 4.999999999999982236e-02 0.000000000000000000e+00 0.000000000000000000e+00
5.624999999999998224e+00 4.999999999999982236e-02 0.000000000000000000e+00 0.000000000000000000e+00
5.674999999999997158e+00 4.999999999999982236e-02 0.000000000000000000e+00 0.000000000000000000e+00
5.724999999999997868e+00 4.999999999999982236e-02 0.000000000000000000e+00 0.000000000000000000e+00
5.774999999999996803e+00 4.999999999999982236e-02 0.000000000000000000e+00 0.000000000000000000e+00
5.824999999999997513e+00 4.999999999999982236e-02 0.000000000000000000e+00 0.000000000000000000e+00
5.874999999999996447e+00 4.999999999999982236e-02 0.000000000000000000e+00 0.000000000000000000e+00
5.924999999999997158e+00 4.999999999999982236e-02 0.000000000000000000e+00 0.000000000000000000e+00
5.974999999999996092e+00 4.999999999999982236e-02 0.000000000000000000e+00 0.000000000000000000e+00
6.024999999999996803e+00 4.999999999999982236e-02 0.000000000000000000e+00 0.000000000000000000e+00
6.074999999999995737e+00 4.999999999999982236e-02 0.000000000000000000e+00 0.000000000000000000e+00
6.124999999999996447e+00 4.999999999999982236e-02 0.000000000000000000e+00 0.000000000000000000e+00
6.174999999999995381e+00 4.999999999999982236e-02 0.000000000000000000e+00 0.000000000000000000e+00
6.224999999999996092e+00 4.999999999999982236e-02 0.000000000000000000e+00 0.000000000000000000e+00
6.274999999999995026e+00 4.999999999999982236e-02 0.000000000000000000e+00 0.000000000000000000e+00
6.324999999999995737e+00 4.999999999999982236e-02 0.000000000000000000e+00 0.000000000000000000e+00
6.374999999999994671e+00 4.999999999999982236e-02 0.000000000000000000e+00 0.000000000000000000e+00
6.424999999999995381e+00 4.999999999999982236e-02 0.000000000000000000e+00 0.000000000000000000e+00
6.474999999999994316e+00 4.999999999999982236e-02 0.000000000000000000e+00 0.000000000000000000e+00
6.524999999999995026e+00 4.999999999999982236e-02 0.000000000000000000e+00 0.000000000000000000e+00
6.574999999999993960e+00 4.999999999999982236e-02 0.000000000000000000e+00 0.000000000000000000e+00
6.624999999999994671e+00 4.999999999999982236e-02 0.000000000000000000e+00 0.000000000000000000e+00
6.674999999999993605e+00 4.999999999999982236e-02 0.000000000000000000e+00 0.000000000000000000e+00
6.724999999999994316e+00 4.999999999999982236e-02 0.000000000000000000e+00 0.000000000000000000e+00
6.774999999999993250e+00 4.999999999999982236e-02 0.000000000000000000e+00 0.000000000000000000e+00
6.824999999999993960e+00 4.999999999999982236e-02 0.000000000000000000e+00 0.000000000000000000e+00
6.874999999999992895e+00 4.999999999999982236e-02 0.000000000000000000e+00 0.000000000000000000e+00
6.924999999999993605e+00 4.999999999999982236e-02 0.000000000000000000e+00 0.000000000000000000e+00
6.974999999999992539e+00 4.999999999999982236e-02 0.000000000000000000e+00 0.000000000000000000e+00
7.024999999999993250e+00 4.999999999999982236e-02 0.000000000000000000e+00 0.000000000000000000e+00
7.074999999999992184e+00 4.999999999999982236e-02 0.000000000000000000e+00 0.000000000000000000e+00
7.124999999999992895e+00 4.999999999999982236e-02 0.000000000000000000e+00 0.000000000000000000e+00
7.174999999999991829e+00 4.999999999999982236e-02 0.000000000000000000e+00 0.000000000000000000e+00
7.224999999999992539e+00 4.999999999999982236e-02 0.000000000000000000e+00 0.000000000000000000e+00
7.274999999999991473e+00 4.999999999999982236e-02 0.000000000000000000e+00 0.000000000000000000e+00
7.324999999999992184e+00 4.999999999999982236e-02 0.000000000000000000e+00 0.000000000000000000e+00
7.374999999999991118e+00 4.999999999999982236e-02 0.000000000000000000e+00 0.000000000000000000e+00
7.424999999999991829e+00 4.999999999999982236e-02 0.000000000000000000e+00 0.000000000000000000e+00
7.474999999999990763e+00 4.999999999999982236e-02 6.000000000000000644e-24 1.200000000000004478e-22
7.524999999999991473e+00 4.999999999999982236e-02 1.000000000000000107e-24 2.000000000000007268e-23
7.574999999999990408e+00 4.999999999999982236e-02 1.000000000000000107e-24 2.000000000000007268e-23
7.624999999999991118e+00 4.999999999999982236e-02 1.499999999999999132e-23 3.000000000000008844e-22
7.674999999999990052e+00 4.999999999999982236e-02 9.999999999999986380e-25 2.000000000000004329e-23
7.724999999999990763e+00 4.999999999999982236e-02 2.299999999999996867e-23 4.600000000000009957e-22
7.774999999999989697e+00 4.999999999999982236e-02 3.800000000000014220e-23 7.600000000000055006e-22
7.824999999999990408e+00 4.999999999999982236e-02 4.899999999999989212e-23 9.800000000000012748e-22
7.874999999999989342e+00 4.999999999999982236e-02 4.999999999999963803e-23 9.999999999999963340e-22
7.924999999999990052e+00 4.999999999999982236e-02 8.000000000000066687e-23 1.600000000000019074e-21
7.974999999999988987e+00 4.999999999999982236e-02 1.210000000000019687e-22 2.420000000000047838e-21
8.024999999999989697e+00 5.000000000000071054e-02 1.589999999999968976e-22 3.179999999999892813e-21
8.074999999999988631e+00 4.999999999999893419e-02 1.639999999999949571e-22 3.279999999999969108e-21
8.124999999999989342e+00 4.999999999999893419e-02 4.170000000000133205e-22 8.340000000000443581e-21
8.174999999999988276e+00 5.000000000000071054e-02 5.260000000000332906e-22 1.052000000000051685e-20
8.224999999999988987e+00 5.000000000000071054e-02 9.850000000000621528e-22 1.970000000000096395e-20
8.274999999999987921e+00 4.999999999999893419e-02 1.872000000000118479e-21 3.744000000000317005e-20
8.324999999999988631e+00 4.999999999999893419e-02 2.579999999999929318e-21 5.159999999999968475e-20
8.374999999999987566e+00 5.000000000000071054e-02 4.561999999996856663e-21 9.123999999993583325e-20
8.424999999999988276e+00 5.000000000000071054e-02 5.428999999996259277e-21 1.085799999999236448e-19
8.474999999999987210e+00 4.999999999999893419e-02 7.504999999994828858e-21 1.500999999998997790e-19
8.524999999999987921e+00 4.999999999999893419e-02 7.707999999994691995e-21 1.541599999998971260e-19
8.574999999999986855e+00 5.000000000000071054e-02 7.453999999994863999e-21 1.490799999998951615e-19
8.624999999999987566e+00 5.000000000000071054e-02 8.228999999994330003e-21 1.645799999998842649e-19
8.674999999999986500e+00 4.999999999999893419e-02 8.525000000007902469e-21 1.705000000001616846e-19
8.724999999999987210e+00 4.999999999999893419e-02 8.002000000042646698e-21 1.600400000008563525e-19
8.774999999999986144e+00 5.000000000000071054e-02 8.042000000005713504e-21 1.608400000001119830e-19
8.824999999999986855e+00 5.000000000000071054e-02 8.435999999994187375e-21 1.687199999998813401e-19
8.874999999999985789e+00 4.999999999999893419e-02 8.224999999994338778e-21 1.644999999998902904e-19
8.924999999999986500e+00 4.999999999999893419e-02 8.267999999994303131e-21 1.653599999998895775e-19
8.974999999999985434e+00 5.000000000000071054e-02 7.946999999994530327e-21 1.589399999998883436e-19
9.024999999999986144e+00 5.000000000000071054e-02 7.924999999994533449e-21 1.584999999998884060e-19
9.074999999999985079e+00 4.999999999999893419e-02 7.747000000002757038e-21 1.549400000000584389e-19
9.124999999999985789e+00 4.999999999999893419e-02 7.665000000040862692e-21 1.533000000008205279e-19
9.174999999999984723e+00 5.000000000000071054e-02 7.518000000012598642e-21 1.503600000002498302e-19
9.224999999999985434e+00 5.000000000000071054e-02 7.338999999996128887e-21 1.467799999999204833e-19
9.274999999999984368e+00 4.999999999999893419e-02 7.312999999994955133e-21 1.462599999999022323e-19
9.324999999999985079e+00 4.999999999999893419e-02 7.273999999994975986e-21 1.454799999999026253e-19
9.374999999999984013e+00 5.000000000000071054e-02 7.398999999994907914e-21 1.479799999998960638e-19
9.424999999999984723e+00 5.000000000000071054e-02 7.631999999994741352e-21 1.526399999998926604e-19
9.474999999999983658e+00 4.999999999999893419e-02 7.999999999994487790e-21 1.599999999998931743e-19
9.524999999999984368e+00 4.999999999999893419e-02 8.583000000021368090e-21 1.716600000004310211e-19
9.574999999999983302e+00 5.000000000000071054e-02 9.321000000036303139e-21 1.864200000007234146e-19
9.624999999999984013e+00 5.000000000000071054e-02 1.030599999999611279e-20 2.061199999999193188e-19
9.674999999999982947e+00 4.999999999999893419e-02 1.104799999999238764e-20 2.209599999998524713e-19
9.724999999999983658e+00 4.999999999999893419e-02 1.165899999999194859e-20 2.331799999998439310e-19
9.774999999999982592e+00 5.000000000000071054e-02 1.146399999999210100e-20 2.292799999998387460e-19
9.824999999999983302e+00 5.000000000000071054e-02 1.090100000001475147e-20 2.180200000002919480e-19
9.874999999999982236e+00 4.999999999999893419e-02 9.957000000040727891e-21 1.991400000008187949e-19
9.924999999999982947e+00 4.999999999999893419e-02 9.230999999996967847e-21 1.846199999999432810e-19
9.974999999999981881e+00 5.000000000000071054e-02 8.345999999994285499e-21 1.669199999998833266e-19
1.002499999999998259e+01 5.000000000000071054e-02 7.417999999994876767e-21 1.483599999998954168e-19
1.007499999999998153e+01 4.999999999999893419e-02 6.497999999995510671e-21 1.299599999999129819e-19
1.012499999999998224e+01 4.999999999999893419e-02 5.848999999995963867e-21 1.169799999999217811e-19
1.017499999999998117e+01 5.000000000000071054e-02 5.290999999996384455e-21 1.058199999999261845e-19
1.022499999999998188e+01 5.000000000000071054e-02 4.792999999996691479e-21 9.585999999993246939e-20
1.027499999999998082e+01 4.999999999999893419e-02 4.071999999997194285e-21 8.143999999994561904e-20
1.032499999999998153e+01 4.999999999999893419e-02 3.885000000018381973e-21 7.770000000036930058e-20
1.037499999999998046e+01 5.000000000000071054e-02 3.496000000018631949e-21 6.992000000037163991e-20
1.042499999999998117e+01 5.000000000000071054e-02 3.155000000016826625e-21 6.310000000033564176e-20
1.047499999999998010e+01 4.999999999999893419e-02 2.773000000006244440e-21 5.546000000012606843e-20
1.052499999999998082e+01 4.999999999999893419e-02 2.520000000000189584e-21 5.040000000000486900e-20
1.057499999999997975e+01 5.000000000000071054e-02 2.241000000000135062e-21 4.482000000000206329e-20
1.062499999999998046e+01 5.000000000000071054e-02 2.088999999998891643e-21 4.177999999997723704e-20
1.067499999999997939e+01 4.999999999999893419e-02 1.893999999998658873e-21 3.787999999997398395e-20
1.072499999999998010e+01 4.999999999999893419e-02 1.652999999998879095e-21 3.305999999997828607e-20
1.077499999999997904e+01 5.000000000000071054e-02 1.538999999998921533e-21 3.077999999997799131e-20
1.082499999999997975e+01 5.000000000000071054e-02 1.340999999999094071e-21 2.681999999998149925e-20
1.087499999999997868e+01 4.999999999999893419e-02 1.169999999999181802e-21 2.339999999998413558e-20
1.092499999999997939e+01 4.999999999999893419e-02 1.109999999999247218e-21 2.219999999998541681e-20
1.097499999999997833e+01 5.000000000000071054e-02 9.369999999993483639e-22 1.873999999998670246e-20
1.102499999999997904e+01 5.000000000000071054e-02 8.789999999994003645e-22 1.757999999998775752e-20
1.107499999999997797e+01 4.999999999999893419e-02 8.299999999994401453e-22 1.659999999998915800e-20
1.112499999999997868e+01 4.999999999999893419e-02 7.039999999995149256e-22 1.407999999999059944e-20
1.117499999999997762e+01 5.000000000000071054e-02 6.839999999995046320e-22 1.367999999998989704e-20
1.122499999999997833e+01 5.000000000000071054e-02 6.179999999995621448e-22 1.235999999999106685e-20
1.127499999999997726e+01 4.999999999999893419e-02 5.849999999996390494e-22 1.169999999999303076e-20
1.132499999999997797e+01 4.999999999999893419e-02 5.109999999996057779e-22 1.021999999999233373e-20
1.137499999999997691e+01 5.000000000000071054e-02 5.009999999996728535e-22 1.001999999999331413e-20
1.142499999999997762e+01 5.000000000000071054e-02 3.879999999997567320e-22 7.759999999995024801e-21
1.147499999999997655e+01 4.999999999999893419e-02 3.939999999997164866e-22 7.879999999994498251e-21
1.152499999999997726e+01 4.999999999999893419e-02 3.219999999997660965e-22 6.439999999995458852e-21
1.157499999999997620e+01 5.000000000000071054e-02 2.959999999997960482e-22 5.919999999995836706e-21
1.162499999999997691e+01 5.000000000000071054e-02 2.699999999998260000e-22 5.399999999996443264e-21
1.167499999999997584e+01 4.999999999999893419e-02 2.419999999998212186e-22 4.839999999996527439e-21
1.172499999999997655e+01 4.999999999999893419e-02 2.059999999998700977e-22 4.119999999997489974e-21
1.177499999999997549e+01 5.000000000000071054e-02 2.029999999998420721e-22 4.059999999996783513e-21
1.182499999999997620e+01 5.000000000000071054e-02 1.959999999998890250e-22 3.919999999997724828e-21
1.187499999999997513e+01 4.999999999999893419e-02 1.749999999998854389e-22 3.499999999997783258e-21
1.192499999999997584e+01 4.999999999999893419e-02 1.629999999998696331e-22 3.259999999997462252e-21
1.197499999999997478e+01 5.000000000000071054e-02 1.459999999998873651e-22 2.919999999997705925e-21
1.202499999999997549e+01 5.000000000000071054e-02 1.169999999999374395e-22 2.339999999998715689e-21
1.207499999999997442e+01 4.999999999999893419e-02 1.209999999999106093e-22 2.419999999998263720e-21
1.212499999999997513e+01 4.999999999999893419e-02 9.899999999991373081e-23 1.979999999998316746e-21
1.217499999999997407e+01 5.000000000000071054e-02 8.399999999996619592e-23 1.679999999999300032e-21
1.222499999999997478e+01 5.000000000000071054e-02 7.199999999995039011e-23 1.439999999998987302e-21
1.227499999999997371e+01 4.999999999999893419e-02 8.399999999991804768e-23 1.679999999998396689e-21
1.232499999999997442e+01 4.999999999999893419e-02 7.199999999995039011e-23 1.439999999999038459e-21
1.237499999999997335e+01 5.000000000000071054e-02 6.499999999999734302e-23 1.299999999999928429e-21
1.242499999999997407e+01 5.000000000000071054e-02 6.299999999991446163e-23 1.259999999998271365e-21
1.247499999999997300e+01 4.999999999999893419e-02 6.499999999999734302e-23 1.299999999999974508e-21
1.252499999999997371e+01 4.999999999999893419e-02 4.899999999996021919e-23 9.799999999992252605e-22
1.257499999999997264e+01 5.000000000000071054e-02 4.699999999997363430e-23 9.399999999994593324e-22
1.262499999999997335e+01 5.000000000000071054e-02 4.099999999996573140e-23 8.199999999993029670e-22
1.267499999999997229e+01 4.999999999999893419e-02 4.099999999996573140e-23 8.199999999993321193e-22
1.272499999999997300e+01 4.999999999999893419e-02 3.499999999995782849e-23 6.999999999991715221e-22
1.277499999999997193e+01 5.000000000000071054e-02 2.999999999999136628e-23 5.999999999998187679e-22
1.282499999999997264e+01 5.000000000000071054e-02 2.499999999997675581e-23 4.999999999995279693e-22
1.287499999999997158e+01 4.999999999999893419e-02 2.399999999998346337e-23 4.799999999996795177e-22
1.292499999999997229e+01 4.999999999999893419e-02 1.099999999997436512e-23 2.199999999994920044e-22
1.297499999999997122e+01 5.000000000000071054e-02 1.800000000002370872e-23 3.600000000004690491e-22
1.302499999999997193e+01 5.000000000000071054e-02 2.399999999998346337e-23 4.799999999996624025e-22
1.307499999999997087e+01 4.999999999999893419e-02 1.699999999998226802e-23 3.399999999996526015e-22
1.312499999999997158e+01 4.999999999999893419e-02 1.299999999996095000e-23 2.599999999992245484e-22
1.317499999999997051e+01 5.000000000000071054e-02 1.200000000001580581e-23 2.400000000003126838e-22
1.322499999999997122e+01 5.000000000000071054e-02 1.199999999996765756e-23 2.399999999993497188e-22
1.327499999999997016e+01 4.999999999999893419e-02 1.300000000000909825e-23 2.600000000001875134e-22
1.332499999999997087e+01 4.999999999999893419e-02 6.000000000007902905e-24 1.200000000001606207e-22
1.337499999999996980e+01 5.000000000000071054e-02 4.999999999966462214e-24 9.999999999932782193e-23
1.342499999999997051e+01 5.000000000000071054e-02 1.000000000002922092e-23 2.000000000005815738e-22
1.347499999999996945e+01 4.999999999999893419e-02 6.999999999953047099e-24 1.399999999990639277e-22
1.352499999999997016e+01 4.999999999999893419e-02 7.000000000001195348e-24 1.400000000000268927e-22
1.357499999999996909e+01 5.000000000000071054e-02 7.000000000001195348e-24 1.400000000000219086e-22
1.362499999999996980e+01 5.000000000000071054e-02 4.000000000021318020e-24 8.000000000042522016e-23
1.367499999999996874e+01 4.999999999999893419e-02 4.999999999966462214e-24 9.999999999933137192e-23
1.372499999999996945e+01 4.999999999999893419e-02 1.000000000041440691e-24 2.000000000082923994e-23
1.377499999999996838e+01 5.000000000000071054e-02 4.999999999966462214e-24 9.999999999932782193e-23
1.382499999999996909e+01 5.000000000000071054e-02 9.999999999932924427e-25 1.999999999986556380e-23
1.387499999999996803e+01 4.999999999999893419e-02 3.000000000028025577e-24 6.000000000056179282e-23
1.392499999999996874e+01 4.999999999999893419e-02 0.000000000000000000e+00 0.000000000000000000e+00
1.397499999999996767e+01 5.000000000000071054e-02 2.999999999979877328e-24 5.999999999959668845e-23
1.402499999999996838e+01 5.000000000000071054e-02 0.000000000000000000e+00 0.000000000000000000e+00
1.407499999999996732e+01 4.999999999999893419e-02 0.000000000000000000e+00 0.000000000000000000e+00
1.412499999999996803e+01 4.999999999999893419e-02 9.999999999932924427e-25 1.999999999986627497e-23
1.417499999999996696e+01 5.000000000000071054e-02 0.000000000000000000e+00 0.000000000000000000e+00
1.422499999999996767e+01 5.000000000000071054e-02 0.000000000000000000e+00 0.000000000000000000e+00
1.427499999999996660e+01 4.999999999999893419e-02 3.000000000028025577e-24 6.000000000056179282e-23
1.432499999999996732e+01 4.999999999999893419e-02 0.000000000000000000e+00 0.000000000000000000e+00
1.437499999999996625e+01 5.000000000000071054e-02 0.000000000000000000e+00 0.000000000000000000e+00
1.442499999999996696e+01 5.000000000000071054e-02 0.000000000000000000e+00 0.000000000000000000e+00
1.447499999999996589e+01 4.999999999999893419e-02 1.999999999986584885e-24 3.999999999973254994e-23
1.452499999999996660e+01 4.999999999999893419e-02 0.000000000000000000e+00 0.000000000000000000e+00
1.457499999999996554e+01 5.000000000000071054e-02 9.999999999932924427e-25 1.999999999986556380e-23
1.462499999999996625e+01 5.000000000000071054e-02 0.000000000000000000e+00 0.000000000000000000e+00
1.467499999999996518e+01 4.999999999999893419e-02 0.000000000000000000e+00 0.000000000000000000e+00
1.472499999999996589e+01 4.999999999999893419e-02 0.000000000000000000e+00 0.000000000000000000e+00
1.477499999999996483e+01 5.000000000000071054e-02 0.000000000000000000e+00 0.000000000000000000e+00
1.482499999999996554e+01 5.000000000000071054e-02 0.000000000000000000e+00 0.000000000000000000e+00
1.487499999999996447e+01 4.999999999999893419e-02 0.000000000000000000e+00 0.000000000000000000e+00
1.492499999999996518e+01 4.999999999999893419e-02 0.000000000000000000e+00 0.000000000000000000e+00
1.497499999999996412e+01 5.000000000000071054e-02 0.000000000000000000e+00 0.000000000000000000e+00
1.502499999999996483e+01 5.000000000000071054e-02 0.000000000000000000e+00 0.000000000000000000e+00
1.507499999999996376e+01 4.999999999999893419e-02 0.000000000000000000e+00 0.000000000000000000e+00
1.512499999999996447e+01 4.999999999999893419e-02 0.000000000000000000e+00 0.000000000000000000e+00
1.517499999999996341e+01 5.000000000000071054e-02 0.000000000000000000e+00 0.000000000000000000e+00
1.522499999999996412e+01 5.000000000000071054e-02 0.000000000000000000e+00 0.000000000000000000e+00
1.527499999999996305e+01 4.999999999999893419e-02 0.000000000000000000e+00 0.000000000000000000e+00
1.532499999999996376e+01 4.999999999999893419e-02 0.000000000000000000e+00 0.000000000000000000e+00
1.537499999999996270e+01 5.000000000000071054e-02 0.000000000000000000e+00 0.000000000000000000e+00
1.542499999999996341e+01 5.000000000000071054e-02 0.000000000000000000e+00 0.000000000000000000e+00
1.547499999999996234e+01 4.999999999999893419e-02 0.000000000000000000e+00 0.000000000000000000e+00
1.552499999999996305e+01 4.999999999999893419e-02 0.000000000000000000e+00 0.000000000000000000e+00
1.557499999999996199e+01 5.000000000000071054e-02 0.000000000000000000e+00 0.000000000000000000e+00
1.562499999999996270e+01 5.000000000000071054e-02 0.000000000000000000e+00 0.000000000000000000e+00
1.567499999999996163e+01 4.999999999999893419e-02 0.000000000000000000e+00 0.000000000000000000e+00
1.572499999999996234e+01 4.999999999999893419e-02 0.000000000000000000e+00 0.000000000000000000e+00
1.577499999999996128e+01 5.000000000000071054e-02 0.000000000000000000e+00 0.000000000000000000e+00
1.582499999999996199e+01 5.000000000000071054e-02 0.000000000000000000e+00 0.000000000000000000e+00
1.587499999999996092e+01 4.999999999999893419e-02 0.000000000000000000e+00 0.000000000000000000e+00
1.592499999999996163e+01 4.999999999999893419e-02 0.000000000000000000e+00 0.000000000000000000e+00
