# [0] log10 Mass / Msun, [1] Bin width log10 Mass / Msun, [2] dN/dV (pc^-3), [3] dN/dVlogM (pc^-3 log10 Mass/Msun)
5.025000000000000355e+00 4.999999999999982236e-02 0.000000000000000000e+00 0.000000000000000000e+00
5.074999999999999289e+00 4.999999999999982236e-02 0.000000000000000000e+00 0.000000000000000000e+00
5.125000000000000000e+00 4.999999999999982236e-02 0.000000000000000000e+00 0.000000000000000000e+00
5.174999999999998934e+00 4.999999999999982236e-02 0.000000000000000000e+00 0.000000000000000000e+00
5.224999999999999645e+00 4.999999999999982236e-02 0.000000000000000000e+00 0.000000000000000000e+00
5.274999999999998579e+00 4.999999999999982236e-02 0.000000000000000000e+00 0.000000000000000000e+00
5.324999999999999289e+00 4.999999999999982236e-02 0.000000000000000000e+00 0.000000000000000000e+00
5.374999999999998224e+00 4.999999999999982236e-02 0.000000000000000000e+00 0.000000000000000000e+00
5.424999999999998934e+00 4.999999999999982236e-02 0.000000000000000000e+00 0.000000000000000000e+00
5.474999999999997868e+00 4.999999999999982236e-02 0.000000000000000000e+00 0.000000000000000000e+00
5.524999999999998579e+00 4.999999999999982236e-02 0.000000000000000000e+00 0.000000000000000000e+00
5.574999999999997513e+00 4.999999999999982236e-02 0.000000000000000000e+00 0.000000000000000000e+00
5.624999999999998224e+00 4.999999999999982236e-02 0.000000000000000000e+00 0.000000000000000000e+00
5.674999999999997158e+00 4.999999999999982236e-02 0.000000000000000000e+00 0.000000000000000000e+00
5.724999999999997868e+00 4.999999999999982236e-02 0.000000000000000000e+00 0.000000000000000000e+00
5.774999999999996803e+00 4.999999999999982236e-02 0.000000000000000000e+00 0.000000000000000000e+00
5.824999999999997513e+00 4.999999999999982236e-02 0.000000000000000000e+00 0.000000000000000000e+00
5.874999999999996447e+00 4.999999999999982236e-02 0.000000000000000000e+00 0.000000000000000000e+00
5.924999999999997158e+00 4.999999999999982236e-02 0.000000000000000000e+00 0.000000000000000000e+00
5.974999999999996092e+00 4.999999999999982236e-02 0.000000000000000000e+00 0.000000000000000000e+00
6.024999999999996803e+00 4.999999999999982236e-02 1.869499999999608627e-20 3.738999999999230494e-19
6.074999999999995737e+00 4.999999999999982236e-02 3.709999999998527048e-22 7.419999999997081180e-21
6.124999999999996447e+00 4.999999999999982236e-02 1.179999999999638339e-22 2.359999999999284953e-21
6.174999999999995381e+00 4.999999999999982236e-02 3.199999999998697896e-23 6.399999999997418361e-22
6.224999999999996092e+00 4.999999999999982236e-02 1.099999999999843924e-23 2.199999999999695842e-22
6.274999999999995026e+00 4.999999999999982236e-02 1.399999999999938143e-23 2.799999999999886160e-22
6.324999999999995737e+00 4.999999999999982236e-02 2.555499999998855792e-20 5.110999999997729519e-19
6.374999999999994671e+00 4.999999999999982236e-02 5.659999999997664930e-22 1.131999999999537048e-20
6.424999999999995381e+00 4.999999999999982236e-02 1.079999999999496593e-22 2.159999999999000709e-21
6.474999999999994316e+00 4.999999999999982236e-02 2.222599999998965701e-20 4.445199999997946810e-19
6.524999999999995026e+00 4.999999999999982236e-02 5.092999999996605142e-21 1.018599999999324639e-19
6.574999999999993960e+00 4.999999999999982236e-02 2.939999999997974263e-22 5.879999999995969591e-21
6.624999999999994671e+00 4.999999999999982236e-02 2.417399999998358422e-20 4.834799999996733696e-19
6.674999999999993605e+00 4.999999999999982236e-02 7.249999999995064745e-22 1.449999999999018065e-20
6.724999999999994316e+00 4.999999999999982236e-02 1.972899999998672518e-20 3.945799999997359000e-19
6.774999999999993250e+00 4.999999999999982236e-02 1.011399999999323582e-20 2.022799999998654386e-19
6.824999999999993960e+00 4.999999999999982236e-02 6.228999999995846482e-21 1.245799999999173630e-19
6.874999999999992895e+00 4.999999999999982236e-02 1.231699999999189243e-20 2.463399999998387153e-19
6.924999999999993605e+00 4.999999999999982236e-02 9.513999999993841828e-21 1.902799999998775106e-19
6.974999999999992539e+00 4.999999999999982236e-02 8.346999999994688051e-21 1.669399999998943629e-19
7.024999999999993250e+00 4.999999999999982236e-02 7.260999999999179860e-21 1.452199999999841028e-19
7.074999999999992184e+00 4.999999999999982236e-02 7.537999999999584834e-21 1.507599999999922263e-19
7.124999999999992895e+00 4.999999999999982236e-02 7.987999999999840514e-21 1.597599999999973881e-19
7.174999999999991829e+00 4.999999999999982236e-02 6.719999999999582716e-21 1.343999999999921358e-19
7.224999999999992539e+00 4.999999999999982236e-02 6.757999999998798198e-21 1.351599999999764454e-19
7.274999999999991473e+00 4.999999999999982236e-02 6.470000000003450350e-21 1.294000000000694644e-19
7.324999999999992184e+00 4.999999999999982236e-02 6.265000000004103176e-21 1.253000000000824969e-19
7.374999999999991118e+00 4.999999999999982236e-02 5.853000000003351867e-21 1.170600000000674466e-19
7.424999999999991829e+00 4.999999999999982236e-02 5.546000000003003675e-21 1.109200000000604587e-19
7.474999999999990763e+00 4.999999999999982236e-02 5.138000000003525539e-21 1.027600000000708719e-19
7.524999999999991473e+00 4.999999999999982236e-02 4.910000000011699320e-21 9.820000000023433548e-20
7.574999999999990408e+00 4.999999999999982236e-02 4.508000000010543898e-21 9.016000000021120297e-20
7.624999999999991118e+00 4.999999999999982236e-02 4.276000000009548195e-21 8.552000000019126482e-20
7.674999999999990052e+00 4.999999999999982236e-02 4.012000000008333798e-21 8.024000000016696485e-20
7.724999999999990763e+00 4.999999999999982236e-02 3.632000000007512293e-21 7.264000000015049863e-20
7.774999999999989697e+00 4.999999999999982236e-02 3.303000000005963516e-21 6.606000000011949901e-20
7.824999999999990408e+00 4.999999999999982236e-02 2.967000000005039470e-21 5.934000000010100607e-20
7.874999999999989342e+00 4.999999999999982236e-02 2.874000000004941049e-21 5.748000000009902562e-20
7.924999999999990052e+00 4.999999999999982236e-02 2.710000000004211455e-21 5.420000000008442170e-20
7.974999999999988987e+00 4.999999999999982236e-02 2.527000000003224119e-21 5.054000000006466293e-20
8.024999999999989697e+00 5.000000000000071054e-02 2.370000000002736461e-21 4.740000000005405515e-20
8.074999999999988631e+00 4.999999999999893419e-02 2.127000000002247875e-21 4.254000000004586630e-20
8.124999999999989342e+00 4.999999999999893419e-02 2.040000000002012912e-21 4.080000000004113093e-20
8.174999999999988276e+00 5.000000000000071054e-02 1.957000000001702971e-21 3.914000000003350572e-20
8.224999999999988987e+00 5.000000000000071054e-02 1.763000000001367197e-21 3.526000000002684440e-20
8.274999999999987921e+00 4.999999999999893419e-02 1.673000000001152357e-21 3.346000000002376334e-20
8.324999999999988631e+00 4.999999999999893419e-02 1.498000000000785435e-21 2.996000000001634667e-20
8.374999999999987566e+00 5.000000000000071054e-02 1.445000000000900194e-21 2.890000000001759463e-20
8.424999999999988276e+00 5.000000000000071054e-02 1.400000000000864997e-21 2.800000000001690271e-20
8.474999999999987210e+00 4.999999999999893419e-02 1.273000000000657595e-21 2.546000000001369357e-20
8.524999999999987921e+00 4.999999999999893419e-02 1.178000000000620738e-21 2.356000000001291730e-20
8.574999999999986855e+00 5.000000000000071054e-02 1.100000000000566148e-21 2.200000000001101000e-20
8.624999999999987566e+00 5.000000000000071054e-02 1.062000000000724739e-21 2.124000000001419385e-20
8.674999999999986500e+00 4.999999999999893419e-02 9.690000000003374283e-22 1.938000000000716084e-20
8.724999999999987210e+00 4.999999999999893419e-02 9.180000000003906242e-22 1.836000000000820369e-20
8.774999999999986144e+00 5.000000000000071054e-02 9.010000000005046527e-22 1.802000000000983727e-20
8.824999999999986855e+00 5.000000000000071054e-02 8.810000000003017661e-22 1.762000000000578555e-20
8.874999999999985789e+00 4.999999999999893419e-02 8.290000000003616696e-22 1.658000000000758548e-20
8.924999999999986500e+00 4.999999999999893419e-02 8.140000000004622830e-22 1.628000000000959172e-20
8.974999999999985434e+00 5.000000000000071054e-02 7.500000000033952756e-22 1.500000000006769185e-20
9.024999999999986144e+00 5.000000000000071054e-02 7.390000000038542447e-22 1.478000000007687424e-20
9.074999999999985079e+00 4.999999999999893419e-02 6.940000000035783058e-22 1.388000000007186102e-20
9.124999999999985789e+00 4.999999999999893419e-02 7.090000000037184337e-22 1.418000000007466960e-20
9.174999999999984723e+00 5.000000000000071054e-02 5.750000000030765024e-22 1.150000000006136604e-20
9.224999999999985434e+00 5.000000000000071054e-02 6.460000000033706378e-22 1.292000000006722919e-20
9.274999999999984368e+00 4.999999999999893419e-02 5.630000000029162518e-22 1.126000000005856578e-20
9.324999999999985079e+00 4.999999999999893419e-02 5.270000000027725379e-22 1.054000000005567495e-20
9.374999999999984013e+00 5.000000000000071054e-02 5.420000000028163693e-22 1.084000000005617391e-20
9.424999999999984723e+00 5.000000000000071054e-02 4.950000000026501420e-22 9.900000000052861404e-21
9.474999999999983658e+00 4.999999999999893419e-02 4.810000000025514548e-22 9.620000000051233726e-21
9.524999999999984368e+00 4.999999999999893419e-02 4.510000000023674955e-22 9.020000000047542503e-21
9.574999999999983302e+00 5.000000000000071054e-02 4.770000000025301368e-22 9.540000000050467318e-21
9.624999999999984013e+00 5.000000000000071054e-02 4.010000000021250944e-22 8.020000000042387536e-21
9.674999999999982947e+00 4.999999999999893419e-02 4.030000000021116793e-22 8.060000000042405114e-21
9.724999999999983658e+00 4.999999999999893419e-02 3.680000000019612578e-22 7.360000000039381638e-21
9.774999999999982592e+00 5.000000000000071054e-02 3.500000000018412526e-22 7.000000000036725746e-21
9.824999999999983302e+00 5.000000000000071054e-02 3.230000000017334671e-22 6.460000000034577560e-21
9.874999999999982236e+00 4.999999999999893419e-02 3.190000000016640009e-22 6.380000000033416187e-21
9.924999999999982947e+00 4.999999999999893419e-02 2.960000000015775334e-22 5.920000000031677058e-21
9.974999999999981881e+00 5.000000000000071054e-02 2.810000000014855538e-22 5.620000000029631331e-21
1.002499999999998259e+01 5.000000000000071054e-02 2.660000000014417224e-22 5.320000000028759217e-21
1.007499999999998153e+01 4.999999999999893419e-02 2.780000000014575282e-22 5.560000000029269431e-21
1.012499999999998224e+01 4.999999999999893419e-02 2.480000000013217172e-22 4.960000000026540421e-21
1.017499999999998117e+01 5.000000000000071054e-02 2.540000000013777684e-22 5.080000000027483145e-21
1.022499999999998188e+01 5.000000000000071054e-02 2.430000000013071067e-22 4.860000000026072922e-21
1.027499999999998082e+01 4.999999999999893419e-02 2.110000000010884143e-22 4.220000000021858565e-21
1.032499999999998153e+01 4.999999999999893419e-02 2.330000000012778858e-22 4.660000000025657022e-21
1.037499999999998046e+01 5.000000000000071054e-02 1.680000000008953568e-22 3.360000000017859364e-21
1.042499999999998117e+01 5.000000000000071054e-02 2.080000000011085370e-22 4.160000000022111307e-21
1.047499999999998010e+01 4.999999999999893419e-02 1.590000000008112801e-22 3.180000000016293310e-21
1.052499999999998082e+01 4.999999999999893419e-02 1.480000000007887667e-22 2.960000000015838529e-21
1.057499999999997975e+01 5.000000000000071054e-02 1.530000000008515254e-22 3.060000000016986874e-21
1.062499999999998046e+01 5.000000000000071054e-02 1.470000000007473260e-22 2.940000000014904767e-21
1.067499999999997939e+01 4.999999999999893419e-02 1.190000000006462481e-22 2.380000000012975744e-21
1.072499999999998010e+01 4.999999999999893419e-02 1.080000000005755865e-22 2.160000000011557622e-21
1.077499999999997904e+01 5.000000000000071054e-02 9.400000000052504758e-23 1.880000000010474244e-21
1.082499999999997975e+01 5.000000000000071054e-02 8.700000000042755574e-23 1.740000000008526288e-21
1.087499999999997868e+01 4.999999999999893419e-02 6.900000000040384702e-23 1.380000000008106281e-21
1.092499999999997939e+01 4.999999999999893419e-02 6.900000000035569877e-23 1.380000000007143316e-21
1.097499999999997833e+01 5.000000000000071054e-02 5.600000000029845227e-23 1.120000000005953059e-21
1.102499999999997904e+01 5.000000000000071054e-02 4.000000000021318020e-23 8.000000000042522251e-22
1.107499999999997797e+01 4.999999999999893419e-02 4.100000000020647264e-23 8.200000000041469441e-22
1.112499999999997868e+01 4.999999999999893419e-02 4.500000000022779066e-23 9.000000000045749972e-22
1.117499999999997762e+01 5.000000000000071054e-02 4.100000000025462089e-23 8.200000000050807568e-22
1.122499999999997833e+01 5.000000000000071054e-02 2.800000000014922614e-23 5.600000000029765294e-22
1.127499999999997726e+01 4.999999999999893419e-02 2.600000000011449300e-23 5.200000000023009567e-22
1.132499999999997797e+01 4.999999999999893419e-02 1.500000000009197964e-23 3.000000000018459874e-22
1.137499999999997691e+01 5.000000000000071054e-02 9.000000000035928482e-24 1.800000000007160071e-22
1.142499999999997762e+01 5.000000000000071054e-02 1.400000000009868719e-23 2.800000000019697472e-22
1.147499999999997655e+01 4.999999999999893419e-02 1.400000000005053894e-23 2.800000000010167504e-22
1.152499999999997726e+01 4.999999999999893419e-02 7.000000000049343596e-24 1.400000000009898577e-22
1.157499999999997620e+01 5.000000000000071054e-02 7.000000000049343596e-24 1.400000000009848736e-22
1.162499999999997691e+01 5.000000000000071054e-02 1.000000000002922092e-23 2.000000000005815738e-22
1.167499999999997584e+01 4.999999999999893419e-02 4.000000000021318020e-24 8.000000000042806486e-23
1.172499999999997655e+01 4.999999999999893419e-02 3.000000000028025577e-24 6.000000000056179282e-23
1.177499999999997549e+01 5.000000000000071054e-02 9.999999999932924427e-25 1.999999999986556380e-23
1.182499999999997620e+01 5.000000000000071054e-02 6.000000000056051154e-24 1.200000000011193069e-22
1.187499999999997513e+01 4.999999999999893419e-02 0.000000000000000000e+00 0.000000000000000000e+00
1.192499999999997584e+01 4.999999999999893419e-02 9.999999999932924427e-25 1.999999999986627497e-23
1.197499999999997478e+01 5.000000000000071054e-02 9.999999999932924427e-25 1.999999999986556380e-23
1.202499999999997549e+01 5.000000000000071054e-02 0.000000000000000000e+00 0.000000000000000000e+00
1.207499999999997442e+01 4.999999999999893419e-02 9.999999999932924427e-25 1.999999999986627497e-23
1.212499999999997513e+01 4.999999999999893419e-02 2.000000000034733134e-24 4.000000000069551491e-23
1.217499999999997407e+01 5.000000000000071054e-02 0.000000000000000000e+00 0.000000000000000000e+00
1.222499999999997478e+01 5.000000000000071054e-02 9.999999999932924427e-25 1.999999999986556380e-23
1.227499999999997371e+01 4.999999999999893419e-02 2.000000000034733134e-24 4.000000000069551491e-23
1.232499999999997442e+01 4.999999999999893419e-02 0.000000000000000000e+00 0.000000000000000000e+00
1.237499999999997335e+01 5.000000000000071054e-02 0.000000000000000000e+00 0.000000000000000000e+00
1.242499999999997407e+01 5.000000000000071054e-02 0.000000000000000000e+00 0.000000000000000000e+00
1.247499999999997300e+01 4.999999999999893419e-02 0.000000000000000000e+00 0.000000000000000000e+00
1.252499999999997371e+01 4.999999999999893419e-02 0.000000000000000000e+00 0.000000000000000000e+00
1.257499999999997264e+01 5.000000000000071054e-02 0.000000000000000000e+00 0.000000000000000000e+00
1.262499999999997335e+01 5.000000000000071054e-02 0.000000000000000000e+00 0.000000000000000000e+00
1.267499999999997229e+01 4.999999999999893419e-02 0.000000000000000000e+00 0.000000000000000000e+00
1.272499999999997300e+01 4.999999999999893419e-02 0.000000000000000000e+00 0.000000000000000000e+00
1.277499999999997193e+01 5.000000000000071054e-02 0.000000000000000000e+00 0.000000000000000000e+00
1.282499999999997264e+01 5.000000000000071054e-02 0.000000000000000000e+00 0.000000000000000000e+00
1.287499999999997158e+01 4.999999999999893419e-02 0.000000000000000000e+00 0.000000000000000000e+00
1.292499999999997229e+01 4.999999999999893419e-02 0.000000000000000000e+00 0.000000000000000000e+00
1.297499999999997122e+01 5.000000000000071054e-02 0.000000000000000000e+00 0.000000000000000000e+00
1.302499999999997193e+01 5.000000000000071054e-02 0.000000000000000000e+00 0.000000000000000000e+00
1.307499999999997087e+01 4.999999999999893419e-02 0.000000000000000000e+00 0.000000000000000000e+00
1.312499999999997158e+01 4.999999999999893419e-02 0.000000000000000000e+00 0.000000000000000000e+00
1.317499999999997051e+01 5.000000000000071054e-02 0.000000000000000000e+00 0.000000000000000000e+00
1.322499999999997122e+01 5.000000000000071054e-02 0.000000000000000000e+00 0.000000000000000000e+00
1.327499999999997016e+01 4.999999999999893419e-02 0.000000000000000000e+00 0.000000000000000000e+00
1.332499999999997087e+01 4.999999999999893419e-02 0.000000000000000000e+00 0.000000000000000000e+00
1.337499999999996980e+01 5.000000000000071054e-02 0.000000000000000000e+00 0.000000000000000000e+00
1.342499999999997051e+01 5.000000000000071054e-02 0.000000000000000000e+00 0.000000000000000000e+00
1.347499999999996945e+01 4.999999999999893419e-02 0.000000000000000000e+00 0.000000000000000000e+00
1.352499999999997016e+01 4.999999999999893419e-02 0.000000000000000000e+00 0.000000000000000000e+00
1.357499999999996909e+01 5.000000000000071054e-02 0.000000000000000000e+00 0.000000000000000000e+00
1.362499999999996980e+01 5.000000000000071054e-02 0.000000000000000000e+00 0.000000000000000000e+00
1.367499999999996874e+01 4.999999999999893419e-02 0.000000000000000000e+00 0.000000000000000000e+00
1.372499999999996945e+01 4.999999999999893419e-02 0.000000000000000000e+00 0.000000000000000000e+00
1.377499999999996838e+01 5.000000000000071054e-02 0.000000000000000000e+00 0.000000000000000000e+00
1.382499999999996909e+01 5.000000000000071054e-02 0.000000000000000000e+00 0.000000000000000000e+00
1.387499999999996803e+01 4.999999999999893419e-02 0.000000000000000000e+00 0.000000000000000000e+00
1.392499999999996874e+01 4.999999999999893419e-02 0.000000000000000000e+00 0.000000000000000000e+00
1.397499999999996767e+01 5.000000000000071054e-02 0.000000000000000000e+00 0.000000000000000000e+00
1.402499999999996838e+01 5.000000000000071054e-02 0.000000000000000000e+00 0.000000000000000000e+00
1.407499999999996732e+01 4.999999999999893419e-02 0.000000000000000000e+00 0.000000000000000000e+00
1.412499999999996803e+01 4.999999999999893419e-02 0.000000000000000000e+00 0.000000000000000000e+00
1.417499999999996696e+01 5.000000000000071054e-02 0.000000000000000000e+00 0.000000000000000000e+00
1.422499999999996767e+01 5.000000000000071054e-02 0.000000000000000000e+00 0.000000000000000000e+00
1.427499999999996660e+01 4.999999999999893419e-02 0.000000000000000000e+00 0.000000000000000000e+00
1.432499999999996732e+01 4.999999999999893419e-02 0.000000000000000000e+00 0.000000000000000000e+00
1.437499999999996625e+01 5.000000000000071054e-02 0.000000000000000000e+00 0.000000000000000000e+00
1.442499999999996696e+01 5.000000000000071054e-02 0.000000000000000000e+00 0.000000000000000000e+00
1.447499999999996589e+01 4.999999999999893419e-02 0.000000000000000000e+00 0.000000000000000000e+00
1.452499999999996660e+01 4.999999999999893419e-02 0.000000000000000000e+00 0.000000000000000000e+00
1.457499999999996554e+01 5.000000000000071054e-02 0.000000000000000000e+00 0.000000000000000000e+00
1.462499999999996625e+01 5.000000000000071054e-02 0.000000000000000000e+00 0.000000000000000000e+00
1.467499999999996518e+01 4.999999999999893419e-02 0.000000000000000000e+00 0.000000000000000000e+00
1.472499999999996589e+01 4.999999999999893419e-02 0.000000000000000000e+00 0.000000000000000000e+00
1.477499999999996483e+01 5.000000000000071054e-02 0.000000000000000000e+00 0.000000000000000000e+00
1.482499999999996554e+01 5.000000000000071054e-02 0.000000000000000000e+00 0.000000000000000000e+00
1.487499999999996447e+01 4.999999999999893419e-02 0.000000000000000000e+00 0.000000000000000000e+00
1.492499999999996518e+01 4.999999999999893419e-02 0.000000000000000000e+00 0.000000000000000000e+00
1.497499999999996412e+01 5.000000000000071054e-02 0.000000000000000000e+00 0.000000000000000000e+00
1.502499999999996483e+01 5.000000000000071054e-02 0.000000000000000000e+00 0.000000000000000000e+00
1.507499999999996376e+01 4.999999999999893419e-02 0.000000000000000000e+00 0.000000000000000000e+00
1.512499999999996447e+01 4.999999999999893419e-02 0.000000000000000000e+00 0.000000000000000000e+00
1.517499999999996341e+01 5.000000000000071054e-02 0.000000000000000000e+00 0.000000000000000000e+00
1.522499999999996412e+01 5.000000000000071054e-02 0.000000000000000000e+00 0.000000000000000000e+00
1.527499999999996305e+01 4.999999999999893419e-02 0.000000000000000000e+00 0.000000000000000000e+00
1.532499999999996376e+01 4.999999999999893419e-02 0.000000000000000000e+00 0.000000000000000000e+00
1.537499999999996270e+01 5.000000000000071054e-02 0.000000000000000000e+00 0.000000000000000000e+00
1.542499999999996341e+01 5.000000000000071054e-02 0.000000000000000000e+00 0.000000000000000000e+00
1.547499999999996234e+01 4.999999999999893419e-02 0.000000000000000000e+00 0.000000000000000000e+00
1.552499999999996305e+01 4.999999999999893419e-02 0.000000000000000000e+00 0.000000000000000000e+00
1.557499999999996199e+01 5.000000000000071054e-02 0.000000000000000000e+00 0.000000000000000000e+00
1.562499999999996270e+01 5.000000000000071054e-02 0.000000000000000000e+00 0.000000000000000000e+00
1.567499999999996163e+01 4.999999999999893419e-02 0.000000000000000000e+00 0.000000000000000000e+00
1.572499999999996234e+01 4.999999999999893419e-02 0.000000000000000000e+00 0.000000000000000000e+00
1.577499999999996128e+01 5.000000000000071054e-02 0.000000000000000000e+00 0.000000000000000000e+00
1.582499999999996199e+01 5.000000000000071054e-02 0.000000000000000000e+00 0.000000000000000000e+00
1.587499999999996092e+01 4.999999999999893419e-02 0.000000000000000000e+00 0.000000000000000000e+00
1.592499999999996163e+01 4.999999999999893419e-02 0.000000000000000000e+00 0.000000000000000000e+00
