# [0] log10 Mass / Msun, [1] Bin width log10 Mass / Msun, [2] dN/dV (pc^-3), [3] dN/dVlogM (pc^-3 log10 Mass/Msun)
5.025000000000000355e+00 4.999999999999982236e-02 0.000000000000000000e+00 0.000000000000000000e+00
5.074999999999999289e+00 4.999999999999982236e-02 0.000000000000000000e+00 0.000000000000000000e+00
5.125000000000000000e+00 4.999999999999982236e-02 0.000000000000000000e+00 0.000000000000000000e+00
5.174999999999998934e+00 4.999999999999982236e-02 0.000000000000000000e+00 0.000000000000000000e+00
5.224999999999999645e+00 4.999999999999982236e-02 0.000000000000000000e+00 0.000000000000000000e+00
5.274999999999998579e+00 4.999999999999982236e-02 0.000000000000000000e+00 0.000000000000000000e+00
5.324999999999999289e+00 4.999999999999982236e-02 0.000000000000000000e+00 0.000000000000000000e+00
5.374999999999998224e+00 4.999999999999982236e-02 8.537600000000132290e-20 1.707520000000032573e-18
5.424999999999998934e+00 4.999999999999982236e-02 1.260800000000079796e-20 2.521600000000168741e-19
5.474999999999997868e+00 4.999999999999982236e-02 2.048000000000129618e-21 4.096000000000273681e-20
5.524999999999998579e+00 4.999999999999982236e-02 3.200000000000202529e-22 6.400000000000427627e-21
5.574999999999997513e+00 4.999999999999982236e-02 6.400000000000405057e-23 1.280000000000085525e-21
5.624999999999998224e+00 4.999999999999982236e-02 0.000000000000000000e+00 0.000000000000000000e+00
5.674999999999997158e+00 4.999999999999982236e-02 1.120000000000069681e-20 2.240000000000147548e-19
5.724999999999997868e+00 4.999999999999982236e-02 1.920000000000121517e-21 3.840000000000256877e-20
5.774999999999996803e+00 4.999999999999982236e-02 8.960000000000567080e-22 1.792000000000119735e-20
5.824999999999997513e+00 4.999999999999982236e-02 1.152000000000072910e-21 2.304000000000153946e-20
5.874999999999996447e+00 4.999999999999982236e-02 1.792000000000113416e-21 3.584000000000239471e-20
5.924999999999997158e+00 4.999999999999982236e-02 7.680000000000486069e-22 1.536000000000102630e-20
5.974999999999996092e+00 4.999999999999982236e-02 1.152000000000072910e-21 2.304000000000153946e-20
6.024999999999996803e+00 4.999999999999982236e-02 1.216000000000076961e-21 2.432000000000162649e-20
6.074999999999995737e+00 4.999999999999982236e-02 8.320000000000526574e-22 1.664000000000111333e-20
6.124999999999996447e+00 4.999999999999982236e-02 7.680000000000486069e-22 1.536000000000102630e-20
6.174999999999995381e+00 4.999999999999982236e-02 9.600000000000607586e-22 1.920000000000128438e-20
6.224999999999996092e+00 4.999999999999982236e-02 4.480000000000283540e-22 8.960000000000598677e-21
6.274999999999995026e+00 4.999999999999982236e-02 5.760000000000364552e-22 1.152000000000076973e-20
6.324999999999995737e+00 4.999999999999982236e-02 2.560000000000162023e-22 5.120000000000342101e-21
6.374999999999994671e+00 4.999999999999982236e-02 7.680000000000486069e-22 1.536000000000102630e-20
6.424999999999995381e+00 4.999999999999982236e-02 5.120000000000324046e-22 1.024000000000068420e-20
6.474999999999994316e+00 4.999999999999982236e-02 5.120000000000324046e-22 1.024000000000068420e-20
6.524999999999995026e+00 4.999999999999982236e-02 6.400000000000405057e-22 1.280000000000085525e-20
6.574999999999993960e+00 4.999999999999982236e-02 1.920000000000121517e-22 3.840000000000256576e-21
6.624999999999994671e+00 4.999999999999982236e-02 3.200000000000202529e-22 6.400000000000427627e-21
6.674999999999993605e+00 4.999999999999982236e-02 3.840000000000243034e-22 7.680000000000513152e-21
6.724999999999994316e+00 4.999999999999982236e-02 3.840000000000243034e-22 7.680000000000513152e-21
6.774999999999993250e+00 4.999999999999982236e-02 1.280000000000081011e-22 2.560000000000171051e-21
6.824999999999993960e+00 4.999999999999982236e-02 3.200000000000202529e-22 6.400000000000427627e-21
6.874999999999992895e+00 4.999999999999982236e-02 2.560000000000162023e-22 5.120000000000342101e-21
6.924999999999993605e+00 4.999999999999982236e-02 1.280000000000081011e-22 2.560000000000171051e-21
6.974999999999992539e+00 4.999999999999982236e-02 1.280000000000081011e-22 2.560000000000171051e-21
7.024999999999993250e+00 4.999999999999982236e-02 1.920000000000121517e-22 3.840000000000256576e-21
7.074999999999992184e+00 4.999999999999982236e-02 1.920000000000121517e-22 3.840000000000256576e-21
7.124999999999992895e+00 4.999999999999982236e-02 6.400000000000405057e-23 1.280000000000085525e-21
7.174999999999991829e+00 4.999999999999982236e-02 1.920000000000121517e-22 3.840000000000256576e-21
7.224999999999992539e+00 4.999999999999982236e-02 1.280000000000081011e-22 2.560000000000171051e-21
7.274999999999991473e+00 4.999999999999982236e-02 1.920000000000121517e-22 3.840000000000256576e-21
7.324999999999992184e+00 4.999999999999982236e-02 6.400000000000405057e-23 1.280000000000085525e-21
7.374999999999991118e+00 4.999999999999982236e-02 0.000000000000000000e+00 0.000000000000000000e+00
7.424999999999991829e+00 4.999999999999982236e-02 1.280000000000081011e-22 2.560000000000171051e-21
7.474999999999990763e+00 4.999999999999982236e-02 6.400000000000405057e-23 1.280000000000085525e-21
7.524999999999991473e+00 4.999999999999982236e-02 1.920000000000121517e-22 3.840000000000256576e-21
7.574999999999990408e+00 4.999999999999982236e-02 1.280000000000081011e-22 2.560000000000171051e-21
7.624999999999991118e+00 4.999999999999982236e-02 1.280000000000081011e-22 2.560000000000171051e-21
7.674999999999990052e+00 4.999999999999982236e-02 1.920000000000121517e-22 3.840000000000256576e-21
7.724999999999990763e+00 4.999999999999982236e-02 6.400000000000405057e-23 1.280000000000085525e-21
7.774999999999989697e+00 4.999999999999982236e-02 6.400000000000405057e-23 1.280000000000085525e-21
7.824999999999990408e+00 4.999999999999982236e-02 1.920000000000121517e-22 3.840000000000256576e-21
7.874999999999989342e+00 4.999999999999982236e-02 1.920000000000121517e-22 3.840000000000256576e-21
7.924999999999990052e+00 4.999999999999982236e-02 6.400000000000405057e-23 1.280000000000085525e-21
7.974999999999988987e+00 4.999999999999982236e-02 0.000000000000000000e+00 0.000000000000000000e+00
8.024999999999989697e+00 5.000000000000071054e-02 6.400000000000405057e-23 1.280000000000062768e-21
8.074999999999988631e+00 4.999999999999893419e-02 6.400000000000405057e-23 1.280000000000108283e-21
8.124999999999989342e+00 4.999999999999893419e-02 0.000000000000000000e+00 0.000000000000000000e+00
8.174999999999988276e+00 5.000000000000071054e-02 0.000000000000000000e+00 0.000000000000000000e+00
8.224999999999988987e+00 5.000000000000071054e-02 0.000000000000000000e+00 0.000000000000000000e+00
8.274999999999987921e+00 4.999999999999893419e-02 6.400000000000405057e-23 1.280000000000108283e-21
8.324999999999988631e+00 4.999999999999893419e-02 0.000000000000000000e+00 0.000000000000000000e+00
8.374999999999987566e+00 5.000000000000071054e-02 0.000000000000000000e+00 0.000000000000000000e+00
8.424999999999988276e+00 5.000000000000071054e-02 0.000000000000000000e+00 0.000000000000000000e+00
8.474999999999987210e+00 4.999999999999893419e-02 0.000000000000000000e+00 0.000000000000000000e+00
8.524999999999987921e+00 4.999999999999893419e-02 0.000000000000000000e+00 0.000000000000000000e+00
8.574999999999986855e+00 5.000000000000071054e-02 0.000000000000000000e+00 0.000000000000000000e+00
8.624999999999987566e+00 5.000000000000071054e-02 0.000000000000000000e+00 0.000000000000000000e+00
8.674999999999986500e+00 4.999999999999893419e-02 0.000000000000000000e+00 0.000000000000000000e+00
8.724999999999987210e+00 4.999999999999893419e-02 0.000000000000000000e+00 0.000000000000000000e+00
8.774999999999986144e+00 5.000000000000071054e-02 0.000000000000000000e+00 0.000000000000000000e+00
8.824999999999986855e+00 5.000000000000071054e-02 0.000000000000000000e+00 0.000000000000000000e+00
8.874999999999985789e+00 4.999999999999893419e-02 0.000000000000000000e+00 0.000000000000000000e+00
8.924999999999986500e+00 4.999999999999893419e-02 0.000000000000000000e+00 0.000000000000000000e+00
8.974999999999985434e+00 5.000000000000071054e-02 0.000000000000000000e+00 0.000000000000000000e+00
9.024999999999986144e+00 5.000000000000071054e-02 0.000000000000000000e+00 0.000000000000000000e+00
9.074999999999985079e+00 4.999999999999893419e-02 0.000000000000000000e+00 0.000000000000000000e+00
9.124999999999985789e+00 4.999999999999893419e-02 0.000000000000000000e+00 0.000000000000000000e+00
9.174999999999984723e+00 5.000000000000071054e-02 0.000000000000000000e+00 0.000000000000000000e+00
9.224999999999985434e+00 5.000000000000071054e-02 0.000000000000000000e+00 0.000000000000000000e+00
9.274999999999984368e+00 4.999999999999893419e-02 0.000000000000000000e+00 0.000000000000000000e+00
9.324999999999985079e+00 4.999999999999893419e-02 0.000000000000000000e+00 0.000000000000000000e+00
9.374999999999984013e+00 5.000000000000071054e-02 0.000000000000000000e+00 0.000000000000000000e+00
9.424999999999984723e+00 5.000000000000071054e-02 0.000000000000000000e+00 0.000000000000000000e+00
9.474999999999983658e+00 4.999999999999893419e-02 0.000000000000000000e+00 0.000000000000000000e+00
9.524999999999984368e+00 4.999999999999893419e-02 0.000000000000000000e+00 0.000000000000000000e+00
9.574999999999983302e+00 5.000000000000071054e-02 0.000000000000000000e+00 0.000000000000000000e+00
9.624999999999984013e+00 5.000000000000071054e-02 0.000000000000000000e+00 0.000000000000000000e+00
9.674999999999982947e+00 4.999999999999893419e-02 0.000000000000000000e+00 0.000000000000000000e+00
9.724999999999983658e+00 4.999999999999893419e-02 0.000000000000000000e+00 0.000000000000000000e+00
9.774999999999982592e+00 5.000000000000071054e-02 0.000000000000000000e+00 0.000000000000000000e+00
9.824999999999983302e+00 5.000000000000071054e-02 0.000000000000000000e+00 0.000000000000000000e+00
9.874999999999982236e+00 4.999999999999893419e-02 0.000000000000000000e+00 0.000000000000000000e+00
9.924999999999982947e+00 4.999999999999893419e-02 0.000000000000000000e+00 0.000000000000000000e+00
9.974999999999981881e+00 5.000000000000071054e-02 0.000000000000000000e+00 0.000000000000000000e+00
1.002499999999998259e+01 5.000000000000071054e-02 0.000000000000000000e+00 0.000000000000000000e+00
1.007499999999998153e+01 4.999999999999893419e-02 0.000000000000000000e+00 0.000000000000000000e+00
1.012499999999998224e+01 4.999999999999893419e-02 0.000000000000000000e+00 0.000000000000000000e+00
1.017499999999998117e+01 5.000000000000071054e-02 0.000000000000000000e+00 0.000000000000000000e+00
1.022499999999998188e+01 5.000000000000071054e-02 0.000000000000000000e+00 0.000000000000000000e+00
1.027499999999998082e+01 4.999999999999893419e-02 0.000000000000000000e+00 0.000000000000000000e+00
1.032499999999998153e+01 4.999999999999893419e-02 0.000000000000000000e+00 0.000000000000000000e+00
1.037499999999998046e+01 5.000000000000071054e-02 0.000000000000000000e+00 0.000000000000000000e+00
1.042499999999998117e+01 5.000000000000071054e-02 0.000000000000000000e+00 0.000000000000000000e+00
1.047499999999998010e+01 4.999999999999893419e-02 0.000000000000000000e+00 0.000000000000000000e+00
1.052499999999998082e+01 4.999999999999893419e-02 0.000000000000000000e+00 0.000000000000000000e+00
1.057499999999997975e+01 5.000000000000071054e-02 0.000000000000000000e+00 0.000000000000000000e+00
1.062499999999998046e+01 5.000000000000071054e-02 0.000000000000000000e+00 0.000000000000000000e+00
1.067499999999997939e+01 4.999999999999893419e-02 0.000000000000000000e+00 0.000000000000000000e+00
1.072499999999998010e+01 4.999999999999893419e-02 0.000000000000000000e+00 0.000000000000000000e+00
1.077499999999997904e+01 5.000000000000071054e-02 0.000000000000000000e+00 0.000000000000000000e+00
1.082499999999997975e+01 5.000000000000071054e-02 0.000000000000000000e+00 0.000000000000000000e+00
1.087499999999997868e+01 4.999999999999893419e-02 0.000000000000000000e+00 0.000000000000000000e+00
1.092499999999997939e+01 4.999999999999893419e-02 0.000000000000000000e+00 0.000000000000000000e+00
1.097499999999997833e+01 5.000000000000071054e-02 0.000000000000000000e+00 0.000000000000000000e+00
1.102499999999997904e+01 5.000000000000071054e-02 0.000000000000000000e+00 0.000000000000000000e+00
1.107499999999997797e+01 4.999999999999893419e-02 0.000000000000000000e+00 0.000000000000000000e+00
1.112499999999997868e+01 4.999999999999893419e-02 0.000000000000000000e+00 0.000000000000000000e+00
1.117499999999997762e+01 5.000000000000071054e-02 0.000000000000000000e+00 0.000000000000000000e+00
1.122499999999997833e+01 5.000000000000071054e-02 0.000000000000000000e+00 0.000000000000000000e+00
1.127499999999997726e+01 4.999999999999893419e-02 0.000000000000000000e+00 0.000000000000000000e+00
1.132499999999997797e+01 4.999999999999893419e-02 0.000000000000000000e+00 0.000000000000000000e+00
1.137499999999997691e+01 5.000000000000071054e-02 0.000000000000000000e+00 0.000000000000000000e+00
1.142499999999997762e+01 5.000000000000071054e-02 0.000000000000000000e+00 0.000000000000000000e+00
1.147499999999997655e+01 4.999999999999893419e-02 0.000000000000000000e+00 0.000000000000000000e+00
1.152499999999997726e+01 4.999999999999893419e-02 0.000000000000000000e+00 0.000000000000000000e+00
1.157499999999997620e+01 5.000000000000071054e-02 0.000000000000000000e+00 0.000000000000000000e+00
1.162499999999997691e+01 5.000000000000071054e-02 0.000000000000000000e+00 0.000000000000000000e+00
1.167499999999997584e+01 4.999999999999893419e-02 0.000000000000000000e+00 0.000000000000000000e+00
1.172499999999997655e+01 4.999999999999893419e-02 0.000000000000000000e+00 0.000000000000000000e+00
1.177499999999997549e+01 5.000000000000071054e-02 0.000000000000000000e+00 0.000000000000000000e+00
1.182499999999997620e+01 5.000000000000071054e-02 0.000000000000000000e+00 0.000000000000000000e+00
1.187499999999997513e+01 4.999999999999893419e-02 0.000000000000000000e+00 0.000000000000000000e+00
1.192499999999997584e+01 4.999999999999893419e-02 0.000000000000000000e+00 0.000000000000000000e+00
1.197499999999997478e+01 5.000000000000071054e-02 0.000000000000000000e+00 0.000000000000000000e+00
1.202499999999997549e+01 5.000000000000071054e-02 0.000000000000000000e+00 0.000000000000000000e+00
1.207499999999997442e+01 4.999999999999893419e-02 0.000000000000000000e+00 0.000000000000000000e+00
1.212499999999997513e+01 4.999999999999893419e-02 0.000000000000000000e+00 0.000000000000000000e+00
1.217499999999997407e+01 5.000000000000071054e-02 0.000000000000000000e+00 0.000000000000000000e+00
1.222499999999997478e+01 5.000000000000071054e-02 0.000000000000000000e+00 0.000000000000000000e+00
1.227499999999997371e+01 4.999999999999893419e-02 0.000000000000000000e+00 0.000000000000000000e+00
1.232499999999997442e+01 4.999999999999893419e-02 0.000000000000000000e+00 0.000000000000000000e+00
1.237499999999997335e+01 5.000000000000071054e-02 0.000000000000000000e+00 0.000000000000000000e+00
1.242499999999997407e+01 5.000000000000071054e-02 0.000000000000000000e+00 0.000000000000000000e+00
1.247499999999997300e+01 4.999999999999893419e-02 0.000000000000000000e+00 0.000000000000000000e+00
1.252499999999997371e+01 4.999999999999893419e-02 0.000000000000000000e+00 0.000000000000000000e+00
1.257499999999997264e+01 5.000000000000071054e-02 0.000000000000000000e+00 0.000000000000000000e+00
1.262499999999997335e+01 5.000000000000071054e-02 0.000000000000000000e+00 0.000000000000000000e+00
1.267499999999997229e+01 4.999999999999893419e-02 0.000000000000000000e+00 0.000000000000000000e+00
1.272499999999997300e+01 4.999999999999893419e-02 0.000000000000000000e+00 0.000000000000000000e+00
1.277499999999997193e+01 5.000000000000071054e-02 0.000000000000000000e+00 0.000000000000000000e+00
1.282499999999997264e+01 5.000000000000071054e-02 0.000000000000000000e+00 0.000000000000000000e+00
1.287499999999997158e+01 4.999999999999893419e-02 0.000000000000000000e+00 0.000000000000000000e+00
1.292499999999997229e+01 4.999999999999893419e-02 0.000000000000000000e+00 0.000000000000000000e+00
1.297499999999997122e+01 5.000000000000071054e-02 0.000000000000000000e+00 0.000000000000000000e+00
1.302499999999997193e+01 5.000000000000071054e-02 0.000000000000000000e+00 0.000000000000000000e+00
1.307499999999997087e+01 4.999999999999893419e-02 0.000000000000000000e+00 0.000000000000000000e+00
1.312499999999997158e+01 4.999999999999893419e-02 0.000000000000000000e+00 0.000000000000000000e+00
1.317499999999997051e+01 5.000000000000071054e-02 0.000000000000000000e+00 0.000000000000000000e+00
1.322499999999997122e+01 5.000000000000071054e-02 0.000000000000000000e+00 0.000000000000000000e+00
1.327499999999997016e+01 4.999999999999893419e-02 0.000000000000000000e+00 0.000000000000000000e+00
1.332499999999997087e+01 4.999999999999893419e-02 0.000000000000000000e+00 0.000000000000000000e+00
1.337499999999996980e+01 5.000000000000071054e-02 0.000000000000000000e+00 0.000000000000000000e+00
1.342499999999997051e+01 5.000000000000071054e-02 0.000000000000000000e+00 0.000000000000000000e+00
1.347499999999996945e+01 4.999999999999893419e-02 0.000000000000000000e+00 0.000000000000000000e+00
1.352499999999997016e+01 4.999999999999893419e-02 0.000000000000000000e+00 0.000000000000000000e+00
1.357499999999996909e+01 5.000000000000071054e-02 0.000000000000000000e+00 0.000000000000000000e+00
1.362499999999996980e+01 5.000000000000071054e-02 0.000000000000000000e+00 0.000000000000000000e+00
1.367499999999996874e+01 4.999999999999893419e-02 0.000000000000000000e+00 0.000000000000000000e+00
1.372499999999996945e+01 4.999999999999893419e-02 0.000000000000000000e+00 0.000000000000000000e+00
1.377499999999996838e+01 5.000000000000071054e-02 0.000000000000000000e+00 0.000000000000000000e+00
1.382499999999996909e+01 5.000000000000071054e-02 0.000000000000000000e+00 0.000000000000000000e+00
1.387499999999996803e+01 4.999999999999893419e-02 0.000000000000000000e+00 0.000000000000000000e+00
1.392499999999996874e+01 4.999999999999893419e-02 0.000000000000000000e+00 0.000000000000000000e+00
1.397499999999996767e+01 5.000000000000071054e-02 0.000000000000000000e+00 0.000000000000000000e+00
1.402499999999996838e+01 5.000000000000071054e-02 0.000000000000000000e+00 0.000000000000000000e+00
1.407499999999996732e+01 4.999999999999893419e-02 0.000000000000000000e+00 0.000000000000000000e+00
1.412499999999996803e+01 4.999999999999893419e-02 0.000000000000000000e+00 0.000000000000000000e+00
1.417499999999996696e+01 5.000000000000071054e-02 0.000000000000000000e+00 0.000000000000000000e+00
1.422499999999996767e+01 5.000000000000071054e-02 0.000000000000000000e+00 0.000000000000000000e+00
1.427499999999996660e+01 4.999999999999893419e-02 0.000000000000000000e+00 0.000000000000000000e+00
1.432499999999996732e+01 4.999999999999893419e-02 0.000000000000000000e+00 0.000000000000000000e+00
1.437499999999996625e+01 5.000000000000071054e-02 0.000000000000000000e+00 0.000000000000000000e+00
1.442499999999996696e+01 5.000000000000071054e-02 0.000000000000000000e+00 0.000000000000000000e+00
1.447499999999996589e+01 4.999999999999893419e-02 0.000000000000000000e+00 0.000000000000000000e+00
1.452499999999996660e+01 4.999999999999893419e-02 0.000000000000000000e+00 0.000000000000000000e+00
1.457499999999996554e+01 5.000000000000071054e-02 0.000000000000000000e+00 0.000000000000000000e+00
1.462499999999996625e+01 5.000000000000071054e-02 0.000000000000000000e+00 0.000000000000000000e+00
1.467499999999996518e+01 4.999999999999893419e-02 0.000000000000000000e+00 0.000000000000000000e+00
1.472499999999996589e+01 4.999999999999893419e-02 0.000000000000000000e+00 0.000000000000000000e+00
1.477499999999996483e+01 5.000000000000071054e-02 0.000000000000000000e+00 0.000000000000000000e+00
1.482499999999996554e+01 5.000000000000071054e-02 0.000000000000000000e+00 0.000000000000000000e+00
1.487499999999996447e+01 4.999999999999893419e-02 0.000000000000000000e+00 0.000000000000000000e+00
1.492499999999996518e+01 4.999999999999893419e-02 0.000000000000000000e+00 0.000000000000000000e+00
1.497499999999996412e+01 5.000000000000071054e-02 0.000000000000000000e+00 0.000000000000000000e+00
1.502499999999996483e+01 5.000000000000071054e-02 0.000000000000000000e+00 0.000000000000000000e+00
1.507499999999996376e+01 4.999999999999893419e-02 0.000000000000000000e+00 0.000000000000000000e+00
1.512499999999996447e+01 4.999999999999893419e-02 0.000000000000000000e+00 0.000000000000000000e+00
1.517499999999996341e+01 5.000000000000071054e-02 0.000000000000000000e+00 0.000000000000000000e+00
1.522499999999996412e+01 5.000000000000071054e-02 0.000000000000000000e+00 0.000000000000000000e+00
1.527499999999996305e+01 4.999999999999893419e-02 0.000000000000000000e+00 0.000000000000000000e+00
1.532499999999996376e+01 4.999999999999893419e-02 0.000000000000000000e+00 0.000000000000000000e+00
1.537499999999996270e+01 5.000000000000071054e-02 0.000000000000000000e+00 0.000000000000000000e+00
1.542499999999996341e+01 5.000000000000071054e-02 0.000000000000000000e+00 0.000000000000000000e+00
1.547499999999996234e+01 4.999999999999893419e-02 0.000000000000000000e+00 0.000000000000000000e+00
1.552499999999996305e+01 4.999999999999893419e-02 0.000000000000000000e+00 0.000000000000000000e+00
1.557499999999996199e+01 5.000000000000071054e-02 0.000000000000000000e+00 0.000000000000000000e+00
1.562499999999996270e+01 5.000000000000071054e-02 0.000000000000000000e+00 0.000000000000000000e+00
1.567499999999996163e+01 4.999999999999893419e-02 0.000000000000000000e+00 0.000000000000000000e+00
1.572499999999996234e+01 4.999999999999893419e-02 0.000000000000000000e+00 0.000000000000000000e+00
1.577499999999996128e+01 5.000000000000071054e-02 0.000000000000000000e+00 0.000000000000000000e+00
1.582499999999996199e+01 5.000000000000071054e-02 0.000000000000000000e+00 0.000000000000000000e+00
1.587499999999996092e+01 4.999999999999893419e-02 0.000000000000000000e+00 0.000000000000000000e+00
1.592499999999996163e+01 4.999999999999893419e-02 0.000000000000000000e+00 0.000000000000000000e+00
