# [0] log10 Mass / Msun, [1] Bin width log10 Mass / Msun, [2] dN/dV (pc^-3), [3] dN/dVlogM (pc^-3 log10 Mass/Msun)
5.025000000000000355e+00 4.999999999999982236e-02 0.000000000000000000e+00 0.000000000000000000e+00
5.074999999999999289e+00 4.999999999999982236e-02 0.000000000000000000e+00 0.000000000000000000e+00
5.125000000000000000e+00 4.999999999999982236e-02 0.000000000000000000e+00 0.000000000000000000e+00
5.174999999999998934e+00 4.999999999999982236e-02 0.000000000000000000e+00 0.000000000000000000e+00
5.224999999999999645e+00 4.999999999999982236e-02 0.000000000000000000e+00 0.000000000000000000e+00
5.274999999999998579e+00 4.999999999999982236e-02 0.000000000000000000e+00 0.000000000000000000e+00
5.324999999999999289e+00 4.999999999999982236e-02 0.000000000000000000e+00 0.000000000000000000e+00
5.374999999999998224e+00 4.999999999999982236e-02 0.000000000000000000e+00 0.000000000000000000e+00
5.424999999999998934e+00 4.999999999999982236e-02 0.000000000000000000e+00 0.000000000000000000e+00
5.474999999999997868e+00 4.999999999999982236e-02 0.000000000000000000e+00 0.000000000000000000e+00
5.524999999999998579e+00 4.999999999999982236e-02 0.000000000000000000e+00 0.000000000000000000e+00
5.574999999999997513e+00 4.999999999999982236e-02 0.000000000000000000e+00 0.000000000000000000e+00
5.624999999999998224e+00 4.999999999999982236e-02 0.000000000000000000e+00 0.000000000000000000e+00
5.674999999999997158e+00 4.999999999999982236e-02 0.000000000000000000e+00 0.000000000000000000e+00
5.724999999999997868e+00 4.999999999999982236e-02 0.000000000000000000e+00 0.000000000000000000e+00
5.774999999999996803e+00 4.999999999999982236e-02 0.000000000000000000e+00 0.000000000000000000e+00
5.824999999999997513e+00 4.999999999999982236e-02 0.000000000000000000e+00 0.000000000000000000e+00
5.874999999999996447e+00 4.999999999999982236e-02 0.000000000000000000e+00 0.000000000000000000e+00
5.924999999999997158e+00 4.999999999999982236e-02 0.000000000000000000e+00 0.000000000000000000e+00
5.974999999999996092e+00 4.999999999999982236e-02 0.000000000000000000e+00 0.000000000000000000e+00
6.024999999999996803e+00 4.999999999999982236e-02 0.000000000000000000e+00 0.000000000000000000e+00
6.074999999999995737e+00 4.999999999999982236e-02 0.000000000000000000e+00 0.000000000000000000e+00
6.124999999999996447e+00 4.999999999999982236e-02 0.000000000000000000e+00 0.000000000000000000e+00
6.174999999999995381e+00 4.999999999999982236e-02 0.000000000000000000e+00 0.000000000000000000e+00
6.224999999999996092e+00 4.999999999999982236e-02 0.000000000000000000e+00 0.000000000000000000e+00
6.274999999999995026e+00 4.999999999999982236e-02 0.000000000000000000e+00 0.000000000000000000e+00
6.324999999999995737e+00 4.999999999999982236e-02 0.000000000000000000e+00 0.000000000000000000e+00
6.374999999999994671e+00 4.999999999999982236e-02 0.000000000000000000e+00 0.000000000000000000e+00
6.424999999999995381e+00 4.999999999999982236e-02 0.000000000000000000e+00 0.000000000000000000e+00
6.474999999999994316e+00 4.999999999999982236e-02 0.000000000000000000e+00 0.000000000000000000e+00
6.524999999999995026e+00 4.999999999999982236e-02 0.000000000000000000e+00 0.000000000000000000e+00
6.574999999999993960e+00 4.999999999999982236e-02 6.400000000000000687e-23 1.280000000000004651e-21
6.624999999999994671e+00 4.999999999999982236e-02 0.000000000000000000e+00 0.000000000000000000e+00
6.674999999999993605e+00 4.999999999999982236e-02 6.400000000000000687e-23 1.280000000000004651e-21
6.724999999999994316e+00 4.999999999999982236e-02 1.920000000000000206e-22 3.840000000000014330e-21
6.774999999999993250e+00 4.999999999999982236e-02 2.560000000000000275e-22 5.120000000000018605e-21
6.824999999999993960e+00 4.999999999999982236e-02 6.400000000000000687e-23 1.280000000000004651e-21
6.874999999999992895e+00 4.999999999999982236e-02 2.560000000000000275e-22 5.120000000000018605e-21
6.924999999999993605e+00 4.999999999999982236e-02 2.559999999999998394e-22 5.120000000000014844e-21
6.974999999999992539e+00 4.999999999999982236e-02 5.759999999999992155e-22 1.152000000000002493e-20
7.024999999999993250e+00 4.999999999999982236e-02 1.151999999999998431e-21 2.304000000000004987e-20
7.074999999999992184e+00 4.999999999999982236e-02 1.152000000000002569e-21 2.304000000000013413e-20
7.124999999999992895e+00 4.999999999999982236e-02 1.024000000000004624e-21 2.048000000000016470e-20
7.174999999999991829e+00 4.999999999999982236e-02 1.408000000000006358e-21 2.816000000000022947e-20
7.224999999999992539e+00 4.999999999999982236e-02 3.519999999999978279e-21 7.039999999999982136e-20
7.274999999999991473e+00 4.999999999999982236e-02 5.696000000000009922e-21 1.139200000000006137e-19
7.324999999999992184e+00 4.999999999999982236e-02 9.664000000000157237e-21 1.932800000000038309e-19
7.374999999999991118e+00 4.999999999999982236e-02 1.497599999999962075e-20 2.995199999999934863e-19
7.424999999999991829e+00 4.999999999999982236e-02 2.771200000000044788e-20 5.542400000000109075e-19
7.474999999999990763e+00 4.999999999999982236e-02 3.616000000000228857e-20 7.232000000000483715e-19
7.524999999999991473e+00 4.999999999999982236e-02 6.009600000000379145e-20 1.201920000000080114e-18
7.574999999999990408e+00 4.999999999999982236e-02 6.745600000000426930e-20 1.349120000000090201e-18
7.624999999999991118e+00 4.999999999999982236e-02 7.180800000000454474e-20 1.436160000000095902e-18
7.674999999999990052e+00 4.999999999999982236e-02 7.123200000000450829e-20 1.424640000000095173e-18
7.724999999999990763e+00 4.999999999999982236e-02 7.513599999999257387e-20 1.502719999999856870e-18
7.774999999999989697e+00 4.999999999999982236e-02 6.700799999995382973e-20 1.340159999999081409e-18
7.824999999999990408e+00 4.999999999999982236e-02 7.071999999995127207e-20 1.414399999999030449e-18
7.874999999999989342e+00 4.999999999999982236e-02 6.643199999995422661e-20 1.328639999999089347e-18
7.924999999999990052e+00 4.999999999999982236e-02 6.847999999995281549e-20 1.369599999999061125e-18
7.974999999999988987e+00 4.999999999999982236e-02 6.515199999995510857e-20 1.303039999999106794e-18
8.024999999999989697e+00 5.000000000000071054e-02 6.470399999995541725e-20 1.294079999999090049e-18
8.074999999999988631e+00 4.999999999999893419e-02 6.220799999995713706e-20 1.244159999999169319e-18
8.124999999999989342e+00 4.999999999999893419e-02 5.939199999995907736e-20 1.187839999999206777e-18
8.174999999999988276e+00 5.000000000000071054e-02 5.823999999995987111e-20 1.164799999999180859e-18
8.224999999999988987e+00 5.000000000000071054e-02 5.849599999995969472e-20 1.169919999999177331e-18
8.274999999999987921e+00 4.999999999999893419e-02 5.625599999996123814e-20 1.125119999999248837e-18
8.324999999999988631e+00 4.999999999999893419e-02 5.503999999996207600e-20 1.100799999999265016e-18
8.374999999999987566e+00 5.000000000000071054e-02 5.535999999996185551e-20 1.107199999999221318e-18
8.424999999999988276e+00 5.000000000000071054e-02 5.497599999996212010e-20 1.099519999999226802e-18
8.474999999999987210e+00 4.999999999999893419e-02 4.921599999996608889e-20 9.843199999993427704e-19
8.524999999999987921e+00 4.999999999999893419e-02 4.966399999996578020e-20 9.932799999993367893e-19
8.574999999999986855e+00 5.000000000000071054e-02 5.375999999996295795e-20 1.075199999999243944e-18
8.624999999999987566e+00 5.000000000000071054e-02 5.043199999996525103e-20 1.008639999999290769e-18
8.674999999999986500e+00 4.999999999999893419e-02 5.158399999996445727e-20 1.031679999999311101e-18
8.724999999999987210e+00 4.999999999999893419e-02 5.151999999996450137e-20 1.030399999999311983e-18
8.774999999999986144e+00 5.000000000000071054e-02 4.953599999996586840e-20 9.907199999993033087e-19
8.824999999999986855e+00 5.000000000000071054e-02 5.062399999996511874e-20 1.012479999999287930e-18
8.874999999999985789e+00 4.999999999999893419e-02 4.780799999996725163e-20 9.561599999993654474e-19
8.924999999999986500e+00 4.999999999999893419e-02 4.678399999996776460e-20 9.356799999993753216e-19
8.974999999999985434e+00 5.000000000000071054e-02 4.665599999996785279e-20 9.331199999993437670e-19
9.024999999999986144e+00 5.000000000000071054e-02 4.396799999996970490e-20 8.793599999993815794e-19
9.074999999999985079e+00 4.999999999999893419e-02 4.300799999997036636e-20 8.601599999994256236e-19
9.124999999999985789e+00 4.999999999999893419e-02 4.319999999997023407e-20 8.639999999994230740e-19
9.174999999999984723e+00 5.000000000000071054e-02 4.063999999997199798e-20 8.127999999994284039e-19
9.224999999999985434e+00 5.000000000000071054e-02 3.891199999997318861e-20 7.782399999994526982e-19
9.274999999999984368e+00 4.999999999999893419e-02 3.468799999997609906e-20 6.937599999995368108e-19
9.324999999999985079e+00 4.999999999999893419e-02 3.302399999997724560e-20 6.604799999995589713e-19
9.374999999999984013e+00 5.000000000000071054e-02 2.854399999998033244e-20 5.708799999995985598e-19
9.424999999999984723e+00 5.000000000000071054e-02 2.681599999998152307e-20 5.363199999996228540e-19
9.474999999999983658e+00 4.999999999999893419e-02 2.547199999998244912e-20 5.094399999996598640e-19
9.524999999999984368e+00 4.999999999999893419e-02 2.111999999998544777e-20 4.223999999997179591e-19
9.574999999999983302e+00 5.000000000000071054e-02 1.855999999998721167e-20 3.711999999997389372e-19
9.624999999999984013e+00 5.000000000000071054e-02 1.779199999998774085e-20 3.558399999997497614e-19
9.674999999999982947e+00 4.999999999999893419e-02 1.542399999998937246e-20 3.084799999997940455e-19
9.724999999999983658e+00 4.999999999999893419e-02 1.343999999999073949e-20 2.687999999998205194e-19
9.774999999999982592e+00 5.000000000000071054e-02 1.279999999999118046e-20 2.559999999998199500e-19
9.824999999999983302e+00 5.000000000000071054e-02 1.126399999999223881e-20 2.252799999998415984e-19
9.874999999999982236e+00 4.999999999999893419e-02 1.030399999999290027e-20 2.060799999998623870e-19
9.924999999999982947e+00 4.999999999999893419e-02 1.017599999999298847e-20 2.035199999998641027e-19
9.974999999999981881e+00 5.000000000000071054e-02 7.999999999994487790e-21 1.599999999998874928e-19
1.002499999999998259e+01 5.000000000000071054e-02 8.447999999994179107e-21 1.689599999998811747e-19
1.007499999999998153e+01 4.999999999999893419e-02 8.063999999994443693e-21 1.612799999998923165e-19
1.012499999999998224e+01 4.999999999999893419e-02 5.759999999996031209e-21 1.151999999999230797e-19
1.017499999999998117e+01 5.000000000000071054e-02 5.631999999996119404e-21 1.126399999999207992e-19
1.022499999999998188e+01 5.000000000000071054e-02 5.311999999996339893e-21 1.062399999999252932e-19
1.027499999999998082e+01 4.999999999999893419e-02 4.351999999997001358e-21 8.703999999994188087e-20
1.032499999999998153e+01 4.999999999999893419e-02 4.031999999997221846e-21 8.063999999994615823e-20
1.037499999999998046e+01 5.000000000000071054e-02 4.415999999996957260e-21 8.831999999993789335e-20
1.042499999999998117e+01 5.000000000000071054e-02 2.751999999998103800e-21 5.503999999996129359e-20
1.047499999999998010e+01 4.999999999999893419e-02 2.495999999998280191e-21 4.991999999996666909e-20
1.052499999999998082e+01 4.999999999999893419e-02 3.007999999997927409e-21 6.015999999995983615e-20
1.057499999999997975e+01 5.000000000000071054e-02 2.175999999998500679e-21 4.351999999996939367e-20
1.062499999999998046e+01 5.000000000000071054e-02 1.535999999998941656e-21 3.071999999997839376e-20
1.067499999999997939e+01 4.999999999999893419e-02 2.175999999998500679e-21 4.351999999997094043e-20
1.072499999999998010e+01 4.999999999999893419e-02 1.919999999998677070e-21 3.839999999997435991e-20
1.077499999999997904e+01 5.000000000000071054e-02 2.303999999998412484e-21 4.607999999996759365e-20
1.082499999999997975e+01 5.000000000000071054e-02 1.535999999998941656e-21 3.071999999997839376e-20
1.087499999999997868e+01 4.999999999999893419e-02 2.559999999998236093e-21 5.119999999996581121e-20
1.092499999999997939e+01 4.999999999999893419e-02 1.471999999998985753e-21 2.943999999998034100e-20
1.097499999999997833e+01 5.000000000000071054e-02 1.151999999999206242e-21 2.303999999998379683e-20
1.102499999999997904e+01 5.000000000000071054e-02 1.407999999999029851e-21 2.815999999998019980e-20
1.107499999999997797e+01 4.999999999999893419e-02 1.087999999999250340e-21 2.175999999998547022e-20
1.112499999999997868e+01 4.999999999999893419e-02 1.151999999999206242e-21 2.303999999998461535e-20
1.117499999999997762e+01 5.000000000000071054e-02 8.319999999994267302e-22 1.663999999998829687e-20
1.122499999999997833e+01 5.000000000000071054e-02 7.679999999994708279e-22 1.535999999998919688e-20
1.127499999999997726e+01 4.999999999999893419e-02 5.119999999996472186e-22 1.023999999999316254e-20
1.132499999999997797e+01 4.999999999999893419e-02 7.039999999995149256e-22 1.407999999999059944e-20
1.137499999999997691e+01 5.000000000000071054e-02 6.399999999995590232e-22 1.279999999999099840e-20
1.142499999999997762e+01 5.000000000000071054e-02 4.479999999996913163e-22 8.959999999993698432e-21
1.147499999999997655e+01 4.999999999999893419e-02 6.399999999995590232e-22 1.279999999999145280e-20
1.152499999999997726e+01 4.999999999999893419e-02 3.839999999997354139e-22 7.679999999994872284e-21
1.157499999999997620e+01 5.000000000000071054e-02 5.759999999996031209e-22 1.151999999999189841e-20
1.162499999999997691e+01 5.000000000000071054e-02 5.119999999996472186e-22 1.023999999999279842e-20
1.167499999999997584e+01 4.999999999999893419e-02 3.839999999997354139e-22 7.679999999994872284e-21
1.172499999999997655e+01 4.999999999999893419e-02 3.839999999997354139e-22 7.679999999994872284e-21
1.177499999999997549e+01 5.000000000000071054e-02 6.399999999995590232e-23 1.279999999999099803e-21
1.182499999999997620e+01 5.000000000000071054e-02 2.559999999998236093e-22 5.119999999996399211e-21
1.187499999999997513e+01 4.999999999999893419e-02 3.839999999997354139e-22 7.679999999994872284e-21
1.192499999999997584e+01 4.999999999999893419e-02 2.559999999998236093e-22 5.119999999996581272e-21
1.197499999999997478e+01 5.000000000000071054e-02 2.559999999998236093e-22 5.119999999996399211e-21
1.202499999999997549e+01 5.000000000000071054e-02 6.399999999995590232e-23 1.279999999999099803e-21
1.207499999999997442e+01 4.999999999999893419e-02 1.279999999999118046e-22 2.559999999998290636e-21
1.212499999999997513e+01 4.999999999999893419e-02 6.399999999995590232e-23 1.279999999999145318e-21
1.217499999999997407e+01 5.000000000000071054e-02 1.919999999998677070e-22 3.839999999997299220e-21
1.222499999999997478e+01 5.000000000000071054e-02 2.559999999998236093e-22 5.119999999996399211e-21
1.227499999999997371e+01 4.999999999999893419e-02 1.919999999998677070e-22 3.839999999997436142e-21
1.232499999999997442e+01 4.999999999999893419e-02 6.399999999995590232e-23 1.279999999999145318e-21
1.237499999999997335e+01 5.000000000000071054e-02 1.919999999998677070e-22 3.839999999997299220e-21
1.242499999999997407e+01 5.000000000000071054e-02 1.279999999999118046e-22 2.559999999998199606e-21
1.247499999999997300e+01 4.999999999999893419e-02 6.399999999995590232e-23 1.279999999999145318e-21
1.252499999999997371e+01 4.999999999999893419e-02 1.279999999999118046e-22 2.559999999998290636e-21
1.257499999999997264e+01 5.000000000000071054e-02 1.279999999999118046e-22 2.559999999998199606e-21
1.262499999999997335e+01 5.000000000000071054e-02 1.279999999999118046e-22 2.559999999998199606e-21
1.267499999999997229e+01 4.999999999999893419e-02 1.279999999999118046e-22 2.559999999998290636e-21
1.272499999999997300e+01 4.999999999999893419e-02 1.279999999999118046e-22 2.559999999998290636e-21
1.277499999999997193e+01 5.000000000000071054e-02 1.279999999999118046e-22 2.559999999998199606e-21
1.282499999999997264e+01 5.000000000000071054e-02 0.000000000000000000e+00 0.000000000000000000e+00
1.287499999999997158e+01 4.999999999999893419e-02 0.000000000000000000e+00 0.000000000000000000e+00
1.292499999999997229e+01 4.999999999999893419e-02 0.000000000000000000e+00 0.000000000000000000e+00
1.297499999999997122e+01 5.000000000000071054e-02 6.399999999995590232e-23 1.279999999999099803e-21
1.302499999999997193e+01 5.000000000000071054e-02 0.000000000000000000e+00 0.000000000000000000e+00
1.307499999999997087e+01 4.999999999999893419e-02 0.000000000000000000e+00 0.000000000000000000e+00
1.312499999999997158e+01 4.999999999999893419e-02 0.000000000000000000e+00 0.000000000000000000e+00
1.317499999999997051e+01 5.000000000000071054e-02 0.000000000000000000e+00 0.000000000000000000e+00
1.322499999999997122e+01 5.000000000000071054e-02 6.399999999995590232e-23 1.279999999999099803e-21
1.327499999999997016e+01 4.999999999999893419e-02 0.000000000000000000e+00 0.000000000000000000e+00
1.332499999999997087e+01 4.999999999999893419e-02 0.000000000000000000e+00 0.000000000000000000e+00
1.337499999999996980e+01 5.000000000000071054e-02 0.000000000000000000e+00 0.000000000000000000e+00
1.342499999999997051e+01 5.000000000000071054e-02 0.000000000000000000e+00 0.000000000000000000e+00
1.347499999999996945e+01 4.999999999999893419e-02 0.000000000000000000e+00 0.000000000000000000e+00
1.352499999999997016e+01 4.999999999999893419e-02 0.000000000000000000e+00 0.000000000000000000e+00
1.357499999999996909e+01 5.000000000000071054e-02 0.000000000000000000e+00 0.000000000000000000e+00
1.362499999999996980e+01 5.000000000000071054e-02 0.000000000000000000e+00 0.000000000000000000e+00
1.367499999999996874e+01 4.999999999999893419e-02 0.000000000000000000e+00 0.000000000000000000e+00
1.372499999999996945e+01 4.999999999999893419e-02 0.000000000000000000e+00 0.000000000000000000e+00
1.377499999999996838e+01 5.000000000000071054e-02 0.000000000000000000e+00 0.000000000000000000e+00
1.382499999999996909e+01 5.000000000000071054e-02 0.000000000000000000e+00 0.000000000000000000e+00
1.387499999999996803e+01 4.999999999999893419e-02 0.000000000000000000e+00 0.000000000000000000e+00
1.392499999999996874e+01 4.999999999999893419e-02 0.000000000000000000e+00 0.000000000000000000e+00
1.397499999999996767e+01 5.000000000000071054e-02 0.000000000000000000e+00 0.000000000000000000e+00
1.402499999999996838e+01 5.000000000000071054e-02 0.000000000000000000e+00 0.000000000000000000e+00
1.407499999999996732e+01 4.999999999999893419e-02 0.000000000000000000e+00 0.000000000000000000e+00
1.412499999999996803e+01 4.999999999999893419e-02 0.000000000000000000e+00 0.000000000000000000e+00
1.417499999999996696e+01 5.000000000000071054e-02 0.000000000000000000e+00 0.000000000000000000e+00
1.422499999999996767e+01 5.000000000000071054e-02 0.000000000000000000e+00 0.000000000000000000e+00
1.427499999999996660e+01 4.999999999999893419e-02 0.000000000000000000e+00 0.000000000000000000e+00
1.432499999999996732e+01 4.999999999999893419e-02 0.000000000000000000e+00 0.000000000000000000e+00
1.437499999999996625e+01 5.000000000000071054e-02 0.000000000000000000e+00 0.000000000000000000e+00
1.442499999999996696e+01 5.000000000000071054e-02 0.000000000000000000e+00 0.000000000000000000e+00
1.447499999999996589e+01 4.999999999999893419e-02 0.000000000000000000e+00 0.000000000000000000e+00
1.452499999999996660e+01 4.999999999999893419e-02 0.000000000000000000e+00 0.000000000000000000e+00
1.457499999999996554e+01 5.000000000000071054e-02 0.000000000000000000e+00 0.000000000000000000e+00
1.462499999999996625e+01 5.000000000000071054e-02 0.000000000000000000e+00 0.000000000000000000e+00
1.467499999999996518e+01 4.999999999999893419e-02 0.000000000000000000e+00 0.000000000000000000e+00
1.472499999999996589e+01 4.999999999999893419e-02 0.000000000000000000e+00 0.000000000000000000e+00
1.477499999999996483e+01 5.000000000000071054e-02 0.000000000000000000e+00 0.000000000000000000e+00
1.482499999999996554e+01 5.000000000000071054e-02 0.000000000000000000e+00 0.000000000000000000e+00
1.487499999999996447e+01 4.999999999999893419e-02 0.000000000000000000e+00 0.000000000000000000e+00
1.492499999999996518e+01 4.999999999999893419e-02 0.000000000000000000e+00 0.000000000000000000e+00
1.497499999999996412e+01 5.000000000000071054e-02 0.000000000000000000e+00 0.000000000000000000e+00
1.502499999999996483e+01 5.000000000000071054e-02 0.000000000000000000e+00 0.000000000000000000e+00
1.507499999999996376e+01 4.999999999999893419e-02 0.000000000000000000e+00 0.000000000000000000e+00
1.512499999999996447e+01 4.999999999999893419e-02 0.000000000000000000e+00 0.000000000000000000e+00
1.517499999999996341e+01 5.000000000000071054e-02 0.000000000000000000e+00 0.000000000000000000e+00
1.522499999999996412e+01 5.000000000000071054e-02 0.000000000000000000e+00 0.000000000000000000e+00
1.527499999999996305e+01 4.999999999999893419e-02 0.000000000000000000e+00 0.000000000000000000e+00
1.532499999999996376e+01 4.999999999999893419e-02 0.000000000000000000e+00 0.000000000000000000e+00
1.537499999999996270e+01 5.000000000000071054e-02 0.000000000000000000e+00 0.000000000000000000e+00
1.542499999999996341e+01 5.000000000000071054e-02 0.000000000000000000e+00 0.000000000000000000e+00
1.547499999999996234e+01 4.999999999999893419e-02 0.000000000000000000e+00 0.000000000000000000e+00
1.552499999999996305e+01 4.999999999999893419e-02 0.000000000000000000e+00 0.000000000000000000e+00
1.557499999999996199e+01 5.000000000000071054e-02 0.000000000000000000e+00 0.000000000000000000e+00
1.562499999999996270e+01 5.000000000000071054e-02 0.000000000000000000e+00 0.000000000000000000e+00
1.567499999999996163e+01 4.999999999999893419e-02 0.000000000000000000e+00 0.000000000000000000e+00
1.572499999999996234e+01 4.999999999999893419e-02 0.000000000000000000e+00 0.000000000000000000e+00
1.577499999999996128e+01 5.000000000000071054e-02 0.000000000000000000e+00 0.000000000000000000e+00
1.582499999999996199e+01 5.000000000000071054e-02 0.000000000000000000e+00 0.000000000000000000e+00
1.587499999999996092e+01 4.999999999999893419e-02 0.000000000000000000e+00 0.000000000000000000e+00
1.592499999999996163e+01 4.999999999999893419e-02 0.000000000000000000e+00 0.000000000000000000e+00
