# [0] log10 R / pc, [1] Bin width log10 R / pc, [2] dN/dV (pc^-3), [3] dN/dVlogM (pc^-3 log10 R/pc)
1.024999999999999911e+00 5.000000000000004441e-02 0.000000000000000000e+00 0.000000000000000000e+00
1.075000000000000178e+00 5.000000000000004441e-02 0.000000000000000000e+00 0.000000000000000000e+00
1.125000000000000000e+00 5.000000000000004441e-02 0.000000000000000000e+00 0.000000000000000000e+00
1.175000000000000266e+00 5.000000000000004441e-02 0.000000000000000000e+00 0.000000000000000000e+00
1.225000000000000089e+00 5.000000000000004441e-02 0.000000000000000000e+00 0.000000000000000000e+00
1.275000000000000355e+00 5.000000000000004441e-02 0.000000000000000000e+00 0.000000000000000000e+00
1.325000000000000178e+00 5.000000000000004441e-02 0.000000000000000000e+00 0.000000000000000000e+00
1.375000000000000444e+00 5.000000000000004441e-02 0.000000000000000000e+00 0.000000000000000000e+00
1.425000000000000266e+00 5.000000000000004441e-02 0.000000000000000000e+00 0.000000000000000000e+00
1.475000000000000533e+00 5.000000000000004441e-02 0.000000000000000000e+00 0.000000000000000000e+00
1.525000000000000355e+00 5.000000000000004441e-02 0.000000000000000000e+00 0.000000000000000000e+00
1.575000000000000622e+00 5.000000000000004441e-02 0.000000000000000000e+00 0.000000000000000000e+00
1.625000000000000444e+00 5.000000000000004441e-02 0.000000000000000000e+00 0.000000000000000000e+00
1.675000000000000711e+00 5.000000000000004441e-02 0.000000000000000000e+00 0.000000000000000000e+00
1.725000000000000533e+00 5.000000000000004441e-02 0.000000000000000000e+00 0.000000000000000000e+00
1.775000000000000799e+00 5.000000000000004441e-02 0.000000000000000000e+00 0.000000000000000000e+00
1.825000000000000622e+00 5.000000000000004441e-02 0.000000000000000000e+00 0.000000000000000000e+00
1.875000000000000888e+00 5.000000000000004441e-02 0.000000000000000000e+00 0.000000000000000000e+00
1.925000000000000711e+00 5.000000000000004441e-02 0.000000000000000000e+00 0.000000000000000000e+00
1.975000000000000977e+00 5.000000000000004441e-02 0.000000000000000000e+00 0.000000000000000000e+00
2.025000000000000799e+00 4.999999999999982236e-02 0.000000000000000000e+00 0.000000000000000000e+00
2.075000000000001066e+00 5.000000000000026645e-02 0.000000000000000000e+00 0.000000000000000000e+00
2.125000000000000888e+00 5.000000000000026645e-02 0.000000000000000000e+00 0.000000000000000000e+00
2.175000000000001155e+00 4.999999999999982236e-02 0.000000000000000000e+00 0.000000000000000000e+00
2.225000000000000977e+00 4.999999999999982236e-02 0.000000000000000000e+00 0.000000000000000000e+00
2.275000000000001243e+00 5.000000000000026645e-02 0.000000000000000000e+00 0.000000000000000000e+00
2.325000000000001066e+00 5.000000000000026645e-02 0.000000000000000000e+00 0.000000000000000000e+00
2.375000000000001332e+00 4.999999999999982236e-02 0.000000000000000000e+00 0.000000000000000000e+00
2.425000000000001155e+00 4.999999999999982236e-02 0.000000000000000000e+00 0.000000000000000000e+00
2.475000000000001421e+00 5.000000000000026645e-02 0.000000000000000000e+00 0.000000000000000000e+00
2.525000000000001243e+00 5.000000000000026645e-02 0.000000000000000000e+00 0.000000000000000000e+00
2.575000000000001510e+00 4.999999999999982236e-02 0.000000000000000000e+00 0.000000000000000000e+00
2.625000000000001332e+00 4.999999999999982236e-02 0.000000000000000000e+00 0.000000000000000000e+00
2.675000000000001599e+00 5.000000000000026645e-02 0.000000000000000000e+00 0.000000000000000000e+00
2.725000000000001421e+00 5.000000000000026645e-02 0.000000000000000000e+00 0.000000000000000000e+00
2.775000000000001688e+00 4.999999999999982236e-02 0.000000000000000000e+00 0.000000000000000000e+00
2.825000000000001510e+00 4.999999999999982236e-02 0.000000000000000000e+00 0.000000000000000000e+00
2.875000000000001776e+00 5.000000000000026645e-02 0.000000000000000000e+00 0.000000000000000000e+00
2.925000000000001599e+00 5.000000000000026645e-02 0.000000000000000000e+00 0.000000000000000000e+00
2.975000000000001865e+00 4.999999999999982236e-02 0.000000000000000000e+00 0.000000000000000000e+00
3.025000000000001688e+00 4.999999999999982236e-02 0.000000000000000000e+00 0.000000000000000000e+00
3.075000000000001954e+00 5.000000000000026645e-02 0.000000000000000000e+00 0.000000000000000000e+00
3.125000000000001776e+00 5.000000000000026645e-02 0.000000000000000000e+00 0.000000000000000000e+00
3.175000000000002043e+00 4.999999999999982236e-02 0.000000000000000000e+00 0.000000000000000000e+00
3.225000000000001865e+00 4.999999999999982236e-02 0.000000000000000000e+00 0.000000000000000000e+00
3.275000000000002132e+00 5.000000000000026645e-02 0.000000000000000000e+00 0.000000000000000000e+00
3.325000000000001954e+00 5.000000000000026645e-02 0.000000000000000000e+00 0.000000000000000000e+00
3.375000000000002220e+00 4.999999999999982236e-02 0.000000000000000000e+00 0.000000000000000000e+00
3.425000000000002043e+00 4.999999999999982236e-02 0.000000000000000000e+00 0.000000000000000000e+00
3.475000000000002309e+00 5.000000000000026645e-02 0.000000000000000000e+00 0.000000000000000000e+00
3.525000000000002132e+00 5.000000000000026645e-02 0.000000000000000000e+00 0.000000000000000000e+00
3.575000000000002398e+00 4.999999999999982236e-02 0.000000000000000000e+00 0.000000000000000000e+00
3.625000000000002220e+00 4.999999999999982236e-02 0.000000000000000000e+00 0.000000000000000000e+00
3.675000000000002487e+00 5.000000000000026645e-02 0.000000000000000000e+00 0.000000000000000000e+00
3.725000000000002309e+00 5.000000000000026645e-02 0.000000000000000000e+00 0.000000000000000000e+00
3.775000000000002576e+00 4.999999999999982236e-02 0.000000000000000000e+00 0.000000000000000000e+00
3.825000000000002398e+00 4.999999999999982236e-02 8.000000000000000859e-24 1.600000000000005814e-22
3.875000000000002665e+00 5.000000000000026645e-02 6.129999999999967612e-22 1.225999999999987015e-20
3.925000000000002487e+00 5.000000000000026645e-02 1.180000000000053241e-21 2.360000000000093994e-20
3.975000000000002753e+00 4.999999999999982236e-02 2.923000000000184997e-21 5.846000000000390758e-20
4.025000000000002132e+00 4.999999999999982236e-02 5.410999999997816185e-21 1.082199999999567059e-19
4.075000000000002842e+00 5.000000000000071054e-02 1.138899999999215268e-20 2.277799999998398036e-19
4.125000000000003553e+00 4.999999999999982236e-02 3.066699999997887565e-20 6.133399999995797279e-19
4.175000000000002487e+00 4.999999999999982236e-02 5.120900000003791905e-20 1.024180000000761944e-18
4.225000000000003197e+00 4.999999999999982236e-02 5.707600000003385848e-20 1.141520000000681310e-18
4.275000000000002132e+00 4.999999999999982236e-02 6.904900000002562682e-20 1.380980000000517448e-18
4.325000000000002842e+00 5.000000000000071054e-02 7.616900000002069688e-20 1.523380000000392367e-18
4.375000000000003553e+00 4.999999999999982236e-02 7.493900000002158050e-20 1.498780000000437003e-18
4.425000000000002487e+00 4.999999999999982236e-02 7.051500000004696954e-20 1.410300000000944398e-18
4.475000000000003197e+00 5.000000000000071054e-02 6.181400000000821697e-20 1.236280000000146814e-18
4.525000000000003908e+00 4.999999999999982236e-02 4.988500000003883132e-20 9.977000000007800931e-19
4.575000000000002842e+00 4.999999999999982236e-02 3.887300000004644295e-20 7.774600000009316516e-19
4.625000000000003553e+00 4.999999999999982236e-02 2.871899999998021788e-20 5.743799999996063797e-19
4.675000000000002487e+00 4.999999999999982236e-02 2.065600000002823423e-20 4.131200000005661291e-19
4.725000000000003197e+00 5.000000000000071054e-02 1.486600000002046348e-20 2.973200000004050326e-19
4.775000000000003908e+00 4.999999999999982236e-02 1.083699999999250293e-20 2.167399999998508290e-19
4.825000000000002842e+00 4.999999999999982236e-02 7.975999999994552475e-21 1.595199999998916273e-19
4.875000000000003553e+00 5.000000000000071054e-02 5.795999999995982330e-21 1.159199999999180096e-19
4.925000000000004263e+00 4.999999999999982236e-02 4.239999999997078529e-21 8.479999999994187151e-20
4.975000000000003197e+00 4.999999999999982236e-02 3.080999999997822944e-21 6.161999999995667554e-20
5.025000000000003908e+00 4.999999999999982236e-02 2.301999999998425899e-21 4.603999999996868048e-20
5.075000000000002842e+00 4.999999999999982236e-02 1.760999999998780606e-21 3.521999999997573852e-20
5.125000000000003553e+00 5.000000000000071054e-02 1.329999999999167855e-21 2.659999999998297792e-20
5.175000000000004263e+00 4.999999999999982236e-02 9.489999999993160215e-22 1.897999999998638663e-20
5.225000000000003197e+00 4.999999999999982236e-02 6.779999999994967291e-22 1.355999999998998273e-20
5.275000000000003908e+00 5.000000000000071054e-02 5.339999999996922453e-22 1.067999999999369294e-20
5.325000000000004619e+00 4.999999999999982236e-02 4.029999999997042669e-22 8.059999999994113925e-21
5.375000000000003553e+00 4.999999999999982236e-02 2.869999999998082680e-22 5.739999999996185673e-21
5.425000000000004263e+00 4.999999999999982236e-02 2.169999999997963145e-22 4.339999999995941337e-21
5.475000000000003197e+00 4.999999999999982236e-02 1.949999999999438808e-22 3.899999999998891158e-21
5.525000000000003908e+00 5.000000000000071054e-02 1.219999999998557535e-22 2.439999999997080463e-21
5.575000000000004619e+00 4.999999999999982236e-02 9.899999999991373081e-23 1.979999999998281763e-21
5.625000000000003553e+00 4.999999999999982236e-02 5.899999999998944011e-23 1.179999999999792940e-21
5.675000000000004263e+00 5.000000000000071054e-02 5.499999999991997384e-23 1.099999999998383866e-21
5.725000000000004974e+00 4.999999999999982236e-02 3.900000000002729476e-23 7.800000000005486223e-22
5.775000000000003908e+00 4.999999999999982236e-02 2.099999999995543779e-23 4.199999999991102605e-22
5.825000000000004619e+00 4.999999999999982236e-02 1.999999999996214535e-23 3.999999999992443176e-22
5.875000000000003553e+00 4.999999999999982236e-02 1.400000000000239070e-23 2.800000000000488013e-22
5.925000000000004263e+00 5.000000000000071054e-02 8.000000000042636039e-24 1.600000000008504403e-22
5.975000000000004974e+00 4.999999999999982236e-02 3.999999999973169771e-24 7.999999999946367754e-23
6.025000000000003908e+00 4.999999999999982236e-02 9.999999999932924427e-25 1.999999999986591938e-23
6.075000000000004619e+00 5.000000000000071054e-02 2.999999999979877328e-24 5.999999999959668845e-23
6.125000000000005329e+00 4.999999999999982236e-02 9.999999999932924427e-25 1.999999999986591938e-23
6.175000000000004263e+00 4.999999999999982236e-02 2.000000000082881383e-24 4.000000000165776871e-23
6.225000000000004974e+00 4.999999999999982236e-02 0.000000000000000000e+00 0.000000000000000000e+00
6.275000000000003908e+00 4.999999999999982236e-02 0.000000000000000000e+00 0.000000000000000000e+00
6.325000000000004619e+00 5.000000000000071054e-02 0.000000000000000000e+00 0.000000000000000000e+00
6.375000000000005329e+00 4.999999999999982236e-02 0.000000000000000000e+00 0.000000000000000000e+00
6.425000000000004263e+00 4.999999999999982236e-02 0.000000000000000000e+00 0.000000000000000000e+00
6.475000000000004974e+00 5.000000000000071054e-02 0.000000000000000000e+00 0.000000000000000000e+00
6.525000000000005684e+00 4.999999999999982236e-02 0.000000000000000000e+00 0.000000000000000000e+00
6.575000000000004619e+00 4.999999999999982236e-02 0.000000000000000000e+00 0.000000000000000000e+00
6.625000000000005329e+00 4.999999999999982236e-02 0.000000000000000000e+00 0.000000000000000000e+00
6.675000000000004263e+00 4.999999999999982236e-02 0.000000000000000000e+00 0.000000000000000000e+00
6.725000000000004974e+00 5.000000000000071054e-02 0.000000000000000000e+00 0.000000000000000000e+00
6.775000000000005684e+00 4.999999999999982236e-02 0.000000000000000000e+00 0.000000000000000000e+00
6.825000000000004619e+00 4.999999999999982236e-02 0.000000000000000000e+00 0.000000000000000000e+00
6.875000000000005329e+00 5.000000000000071054e-02 0.000000000000000000e+00 0.000000000000000000e+00
6.925000000000006040e+00 4.999999999999982236e-02 0.000000000000000000e+00 0.000000000000000000e+00
