# [0] log10 Mass / Msun, [1] Bin width log10 Mass / Msun, [2] dN/dV (pc^-3), [3] dN/dVlogM (pc^-3 log10 Mass/Msun)
5.025000000000000355e+00 4.999999999999982236e-02 0.000000000000000000e+00 0.000000000000000000e+00
5.074999999999999289e+00 4.999999999999982236e-02 0.000000000000000000e+00 0.000000000000000000e+00
5.125000000000000000e+00 4.999999999999982236e-02 0.000000000000000000e+00 0.000000000000000000e+00
5.174999999999998934e+00 4.999999999999982236e-02 0.000000000000000000e+00 0.000000000000000000e+00
5.224999999999999645e+00 4.999999999999982236e-02 0.000000000000000000e+00 0.000000000000000000e+00
5.274999999999998579e+00 4.999999999999982236e-02 0.000000000000000000e+00 0.000000000000000000e+00
5.324999999999999289e+00 4.999999999999982236e-02 0.000000000000000000e+00 0.000000000000000000e+00
5.374999999999998224e+00 4.999999999999982236e-02 0.000000000000000000e+00 0.000000000000000000e+00
5.424999999999998934e+00 4.999999999999982236e-02 0.000000000000000000e+00 0.000000000000000000e+00
5.474999999999997868e+00 4.999999999999982236e-02 0.000000000000000000e+00 0.000000000000000000e+00
5.524999999999998579e+00 4.999999999999982236e-02 0.000000000000000000e+00 0.000000000000000000e+00
5.574999999999997513e+00 4.999999999999982236e-02 0.000000000000000000e+00 0.000000000000000000e+00
5.624999999999998224e+00 4.999999999999982236e-02 0.000000000000000000e+00 0.000000000000000000e+00
5.674999999999997158e+00 4.999999999999982236e-02 0.000000000000000000e+00 0.000000000000000000e+00
5.724999999999997868e+00 4.999999999999982236e-02 0.000000000000000000e+00 0.000000000000000000e+00
5.774999999999996803e+00 4.999999999999982236e-02 0.000000000000000000e+00 0.000000000000000000e+00
5.824999999999997513e+00 4.999999999999982236e-02 0.000000000000000000e+00 0.000000000000000000e+00
5.874999999999996447e+00 4.999999999999982236e-02 0.000000000000000000e+00 0.000000000000000000e+00
5.924999999999997158e+00 4.999999999999982236e-02 0.000000000000000000e+00 0.000000000000000000e+00
5.974999999999996092e+00 4.999999999999982236e-02 0.000000000000000000e+00 0.000000000000000000e+00
6.024999999999996803e+00 4.999999999999982236e-02 0.000000000000000000e+00 0.000000000000000000e+00
6.074999999999995737e+00 4.999999999999982236e-02 0.000000000000000000e+00 0.000000000000000000e+00
6.124999999999996447e+00 4.999999999999982236e-02 0.000000000000000000e+00 0.000000000000000000e+00
6.174999999999995381e+00 4.999999999999982236e-02 0.000000000000000000e+00 0.000000000000000000e+00
6.224999999999996092e+00 4.999999999999982236e-02 0.000000000000000000e+00 0.000000000000000000e+00
6.274999999999995026e+00 4.999999999999982236e-02 0.000000000000000000e+00 0.000000000000000000e+00
6.324999999999995737e+00 4.999999999999982236e-02 0.000000000000000000e+00 0.000000000000000000e+00
6.374999999999994671e+00 4.999999999999982236e-02 0.000000000000000000e+00 0.000000000000000000e+00
6.424999999999995381e+00 4.999999999999982236e-02 0.000000000000000000e+00 0.000000000000000000e+00
6.474999999999994316e+00 4.999999999999982236e-02 0.000000000000000000e+00 0.000000000000000000e+00
6.524999999999995026e+00 4.999999999999982236e-02 0.000000000000000000e+00 0.000000000000000000e+00
6.574999999999993960e+00 4.999999999999982236e-02 0.000000000000000000e+00 0.000000000000000000e+00
6.624999999999994671e+00 4.999999999999982236e-02 0.000000000000000000e+00 0.000000000000000000e+00
6.674999999999993605e+00 4.999999999999982236e-02 0.000000000000000000e+00 0.000000000000000000e+00
6.724999999999994316e+00 4.999999999999982236e-02 0.000000000000000000e+00 0.000000000000000000e+00
6.774999999999993250e+00 4.999999999999982236e-02 0.000000000000000000e+00 0.000000000000000000e+00
6.824999999999993960e+00 4.999999999999982236e-02 0.000000000000000000e+00 0.000000000000000000e+00
6.874999999999992895e+00 4.999999999999982236e-02 0.000000000000000000e+00 0.000000000000000000e+00
6.924999999999993605e+00 4.999999999999982236e-02 0.000000000000000000e+00 0.000000000000000000e+00
6.974999999999992539e+00 4.999999999999982236e-02 0.000000000000000000e+00 0.000000000000000000e+00
7.024999999999993250e+00 4.999999999999982236e-02 0.000000000000000000e+00 0.000000000000000000e+00
7.074999999999992184e+00 4.999999999999982236e-02 0.000000000000000000e+00 0.000000000000000000e+00
7.124999999999992895e+00 4.999999999999982236e-02 0.000000000000000000e+00 0.000000000000000000e+00
7.174999999999991829e+00 4.999999999999982236e-02 0.000000000000000000e+00 0.000000000000000000e+00
7.224999999999992539e+00 4.999999999999982236e-02 0.000000000000000000e+00 0.000000000000000000e+00
7.274999999999991473e+00 4.999999999999982236e-02 0.000000000000000000e+00 0.000000000000000000e+00
7.324999999999992184e+00 4.999999999999982236e-02 0.000000000000000000e+00 0.000000000000000000e+00
7.374999999999991118e+00 4.999999999999982236e-02 0.000000000000000000e+00 0.000000000000000000e+00
7.424999999999991829e+00 4.999999999999982236e-02 0.000000000000000000e+00 0.000000000000000000e+00
7.474999999999990763e+00 4.999999999999982236e-02 0.000000000000000000e+00 0.000000000000000000e+00
7.524999999999991473e+00 4.999999999999982236e-02 0.000000000000000000e+00 0.000000000000000000e+00
7.574999999999990408e+00 4.999999999999982236e-02 0.000000000000000000e+00 0.000000000000000000e+00
7.624999999999991118e+00 4.999999999999982236e-02 0.000000000000000000e+00 0.000000000000000000e+00
7.674999999999990052e+00 4.999999999999982236e-02 0.000000000000000000e+00 0.000000000000000000e+00
7.724999999999990763e+00 4.999999999999982236e-02 0.000000000000000000e+00 0.000000000000000000e+00
7.774999999999989697e+00 4.999999999999982236e-02 0.000000000000000000e+00 0.000000000000000000e+00
7.824999999999990408e+00 4.999999999999982236e-02 0.000000000000000000e+00 0.000000000000000000e+00
7.874999999999989342e+00 4.999999999999982236e-02 0.000000000000000000e+00 0.000000000000000000e+00
7.924999999999990052e+00 4.999999999999982236e-02 0.000000000000000000e+00 0.000000000000000000e+00
7.974999999999988987e+00 4.999999999999982236e-02 0.000000000000000000e+00 0.000000000000000000e+00
8.024999999999989697e+00 5.000000000000071054e-02 0.000000000000000000e+00 0.000000000000000000e+00
8.074999999999988631e+00 4.999999999999893419e-02 0.000000000000000000e+00 0.000000000000000000e+00
8.124999999999989342e+00 4.999999999999893419e-02 0.000000000000000000e+00 0.000000000000000000e+00
8.174999999999988276e+00 5.000000000000071054e-02 0.000000000000000000e+00 0.000000000000000000e+00
8.224999999999988987e+00 5.000000000000071054e-02 0.000000000000000000e+00 0.000000000000000000e+00
8.274999999999987921e+00 4.999999999999893419e-02 0.000000000000000000e+00 0.000000000000000000e+00
8.324999999999988631e+00 4.999999999999893419e-02 0.000000000000000000e+00 0.000000000000000000e+00
8.374999999999987566e+00 5.000000000000071054e-02 0.000000000000000000e+00 0.000000000000000000e+00
8.424999999999988276e+00 5.000000000000071054e-02 0.000000000000000000e+00 0.000000000000000000e+00
8.474999999999987210e+00 4.999999999999893419e-02 0.000000000000000000e+00 0.000000000000000000e+00
8.524999999999987921e+00 4.999999999999893419e-02 0.000000000000000000e+00 0.000000000000000000e+00
8.574999999999986855e+00 5.000000000000071054e-02 1.660800000000064186e-19 3.321600000000080995e-18
8.624999999999987566e+00 5.000000000000071054e-02 1.772800000000112201e-19 3.545600000000173942e-18
8.674999999999986500e+00 4.999999999999893419e-02 1.619199999999564182e-19 3.238399999999197312e-18
8.724999999999987210e+00 4.999999999999893419e-02 1.510399999998959295e-19 3.020799999997982916e-18
8.774999999999986144e+00 5.000000000000071054e-02 1.309439999999097762e-19 2.618879999998158160e-18
8.824999999999986855e+00 5.000000000000071054e-02 1.207679999999167877e-19 2.415359999998301472e-18
8.874999999999985789e+00 4.999999999999893419e-02 1.079039999999256513e-19 2.158079999998558863e-18
8.924999999999986500e+00 4.999999999999893419e-02 9.823999999993231007e-20 1.964799999998688187e-18
8.974999999999985434e+00 5.000000000000071054e-02 9.081599999993742540e-20 1.816319999998722700e-18
9.024999999999986144e+00 5.000000000000071054e-02 7.679999999994708279e-20 1.535999999998919893e-18
9.074999999999985079e+00 4.999999999999893419e-02 6.931199999995224222e-20 1.386239999999074311e-18
9.124999999999985789e+00 4.999999999999893419e-02 6.527999999995502037e-20 1.305599999999128333e-18
9.174999999999984723e+00 5.000000000000071054e-02 6.035199999995841589e-20 1.207039999999151177e-18
9.224999999999985434e+00 5.000000000000071054e-02 5.439999999996251698e-20 1.087999999999234932e-18
9.274999999999984368e+00 4.999999999999893419e-02 4.806399999996688265e-20 9.612799999993580678e-19
9.324999999999985079e+00 4.999999999999893419e-02 4.351999999997001358e-20 8.703999999994187605e-19
9.374999999999984013e+00 5.000000000000071054e-02 3.891199999997318861e-20 7.782399999994526982e-19
9.424999999999984723e+00 5.000000000000071054e-02 3.379199999997671643e-20 6.758399999995246989e-19
9.474999999999983658e+00 4.999999999999893419e-02 3.353599999997689282e-20 6.707199999995521082e-19
9.524999999999984368e+00 4.999999999999893419e-02 3.148799999997849654e-20 6.297599999995833159e-19
9.574999999999983302e+00 5.000000000000071054e-02 2.905599999997997965e-20 5.811199999995913116e-19
9.624999999999984013e+00 5.000000000000071054e-02 2.163199999998509499e-20 4.326399999996957367e-19
9.674999999999982947e+00 4.999999999999893419e-02 2.387199999998355157e-20 4.774399999996812388e-19
9.724999999999983658e+00 4.999999999999893419e-02 1.887999999998699119e-20 3.775999999997478645e-19
9.774999999999982592e+00 5.000000000000071054e-02 1.580799999998910787e-20 3.161599999997776797e-19
9.824999999999983302e+00 5.000000000000071054e-02 1.503999999998963705e-20 3.007999999997884557e-19
9.874999999999982236e+00 4.999999999999893419e-02 1.414399999999025441e-20 2.828799999998111068e-19
9.924999999999982947e+00 4.999999999999893419e-02 1.286399999999113637e-20 2.572799999998282162e-19
9.974999999999981881e+00 5.000000000000071054e-02 1.113599999999232700e-20 2.227199999998433623e-19
1.002499999999998259e+01 5.000000000000071054e-02 1.011199999999303257e-20 2.022399999998577865e-19
1.007499999999998153e+01 4.999999999999893419e-02 9.983999999993120763e-21 1.996799999998666764e-19
1.012499999999998224e+01 4.999999999999893419e-02 1.004799999999307666e-20 2.009599999998658185e-19
1.017499999999998117e+01 5.000000000000071054e-02 6.399999999995590232e-21 1.279999999999099750e-19
1.022499999999998188e+01 5.000000000000071054e-02 6.783999999995325646e-21 1.356799999999045870e-19
1.027499999999998082e+01 4.999999999999893419e-02 6.719999999995369744e-21 1.343999999999102597e-19
1.032499999999998153e+01 4.999999999999893419e-02 6.271999999995678428e-21 1.254399999999162408e-19
1.037499999999998046e+01 5.000000000000071054e-02 5.375999999996295795e-21 1.075199999999243872e-19
1.042499999999998117e+01 5.000000000000071054e-02 3.327999999997706921e-21 6.655999999995318749e-20
1.047499999999998010e+01 4.999999999999893419e-02 4.415999999996957260e-21 8.831999999994102299e-20
1.052499999999998082e+01 4.999999999999893419e-02 3.519999999997574628e-21 7.039999999995299719e-20
1.057499999999997975e+01 5.000000000000071054e-02 3.007999999997927409e-21 6.015999999995769355e-20
1.062499999999998046e+01 5.000000000000071054e-02 2.239999999998456581e-21 4.479999999996849366e-20
1.067499999999997939e+01 4.999999999999893419e-02 2.111999999998544777e-21 4.223999999997179831e-20
1.072499999999998010e+01 4.999999999999893419e-02 2.559999999998236093e-21 5.119999999996581121e-20
1.077499999999997904e+01 5.000000000000071054e-02 2.815999999998059702e-21 5.631999999996039960e-20
1.082499999999997975e+01 5.000000000000071054e-02 2.751999999998103800e-21 5.503999999996129359e-20
1.087499999999997868e+01 4.999999999999893419e-02 2.239999999998456581e-21 4.479999999997008857e-20
1.092499999999997939e+01 4.999999999999893419e-02 2.559999999998236093e-21 5.119999999996581121e-20
1.097499999999997833e+01 5.000000000000071054e-02 1.279999999999118046e-21 2.559999999998199681e-20
1.102499999999997904e+01 5.000000000000071054e-02 1.471999999998985753e-21 2.943999999997929377e-20
1.107499999999997797e+01 4.999999999999893419e-02 1.407999999999029851e-21 2.815999999998119888e-20
1.112499999999997868e+01 4.999999999999893419e-02 1.087999999999250340e-21 2.175999999998547022e-20
1.117499999999997762e+01 5.000000000000071054e-02 9.599999999993385349e-22 1.919999999998649685e-20
1.122499999999997833e+01 5.000000000000071054e-02 1.023999999999294437e-21 2.047999999998559684e-20
1.127499999999997726e+01 4.999999999999893419e-02 8.959999999993826325e-22 1.791999999998803483e-20
1.132499999999997797e+01 4.999999999999893419e-02 5.759999999996031209e-22 1.151999999999230767e-20
1.137499999999997691e+01 5.000000000000071054e-02 5.759999999996031209e-22 1.151999999999189841e-20
1.142499999999997762e+01 5.000000000000071054e-02 5.759999999996031209e-22 1.151999999999189841e-20
1.147499999999997655e+01 4.999999999999893419e-02 7.679999999994708279e-22 1.535999999998974457e-20
1.152499999999997726e+01 4.999999999999893419e-02 7.039999999995149256e-22 1.407999999999059944e-20
1.157499999999997620e+01 5.000000000000071054e-02 3.839999999997354139e-22 7.679999999994598441e-21
1.162499999999997691e+01 5.000000000000071054e-02 5.759999999996031209e-22 1.151999999999189841e-20
1.167499999999997584e+01 4.999999999999893419e-02 7.039999999995149256e-22 1.407999999999059944e-20
1.172499999999997655e+01 4.999999999999893419e-02 2.559999999998236093e-22 5.119999999996581272e-21
1.177499999999997549e+01 5.000000000000071054e-02 1.279999999999118046e-22 2.559999999998199606e-21
1.182499999999997620e+01 5.000000000000071054e-02 3.839999999997354139e-22 7.679999999994598441e-21
1.187499999999997513e+01 4.999999999999893419e-02 3.839999999997354139e-22 7.679999999994872284e-21
1.192499999999997584e+01 4.999999999999893419e-02 4.479999999996913163e-22 8.959999999994017414e-21
1.197499999999997478e+01 5.000000000000071054e-02 1.279999999999118046e-22 2.559999999998199606e-21
1.202499999999997549e+01 5.000000000000071054e-02 6.399999999995590232e-23 1.279999999999099803e-21
1.207499999999997442e+01 4.999999999999893419e-02 1.919999999998677070e-22 3.839999999997436142e-21
1.212499999999997513e+01 4.999999999999893419e-02 1.919999999998677070e-22 3.839999999997436142e-21
1.217499999999997407e+01 5.000000000000071054e-02 1.279999999999118046e-22 2.559999999998199606e-21
1.222499999999997478e+01 5.000000000000071054e-02 1.919999999998677070e-22 3.839999999997299220e-21
1.227499999999997371e+01 4.999999999999893419e-02 1.279999999999118046e-22 2.559999999998290636e-21
1.232499999999997442e+01 4.999999999999893419e-02 6.399999999995590232e-23 1.279999999999145318e-21
1.237499999999997335e+01 5.000000000000071054e-02 2.559999999998236093e-22 5.119999999996399211e-21
1.242499999999997407e+01 5.000000000000071054e-02 1.919999999998677070e-22 3.839999999997299220e-21
1.247499999999997300e+01 4.999999999999893419e-02 6.399999999995590232e-23 1.279999999999145318e-21
1.252499999999997371e+01 4.999999999999893419e-02 1.279999999999118046e-22 2.559999999998290636e-21
1.257499999999997264e+01 5.000000000000071054e-02 2.559999999998236093e-22 5.119999999996399211e-21
1.262499999999997335e+01 5.000000000000071054e-02 0.000000000000000000e+00 0.000000000000000000e+00
1.267499999999997229e+01 4.999999999999893419e-02 2.559999999998236093e-22 5.119999999996581272e-21
1.272499999999997300e+01 4.999999999999893419e-02 1.279999999999118046e-22 2.559999999998290636e-21
1.277499999999997193e+01 5.000000000000071054e-02 0.000000000000000000e+00 0.000000000000000000e+00
1.282499999999997264e+01 5.000000000000071054e-02 0.000000000000000000e+00 0.000000000000000000e+00
1.287499999999997158e+01 4.999999999999893419e-02 0.000000000000000000e+00 0.000000000000000000e+00
1.292499999999997229e+01 4.999999999999893419e-02 0.000000000000000000e+00 0.000000000000000000e+00
1.297499999999997122e+01 5.000000000000071054e-02 6.399999999995590232e-23 1.279999999999099803e-21
1.302499999999997193e+01 5.000000000000071054e-02 0.000000000000000000e+00 0.000000000000000000e+00
1.307499999999997087e+01 4.999999999999893419e-02 0.000000000000000000e+00 0.000000000000000000e+00
1.312499999999997158e+01 4.999999999999893419e-02 0.000000000000000000e+00 0.000000000000000000e+00
1.317499999999997051e+01 5.000000000000071054e-02 6.399999999995590232e-23 1.279999999999099803e-21
1.322499999999997122e+01 5.000000000000071054e-02 0.000000000000000000e+00 0.000000000000000000e+00
1.327499999999997016e+01 4.999999999999893419e-02 0.000000000000000000e+00 0.000000000000000000e+00
1.332499999999997087e+01 4.999999999999893419e-02 0.000000000000000000e+00 0.000000000000000000e+00
1.337499999999996980e+01 5.000000000000071054e-02 0.000000000000000000e+00 0.000000000000000000e+00
1.342499999999997051e+01 5.000000000000071054e-02 0.000000000000000000e+00 0.000000000000000000e+00
1.347499999999996945e+01 4.999999999999893419e-02 0.000000000000000000e+00 0.000000000000000000e+00
1.352499999999997016e+01 4.999999999999893419e-02 0.000000000000000000e+00 0.000000000000000000e+00
1.357499999999996909e+01 5.000000000000071054e-02 0.000000000000000000e+00 0.000000000000000000e+00
1.362499999999996980e+01 5.000000000000071054e-02 0.000000000000000000e+00 0.000000000000000000e+00
1.367499999999996874e+01 4.999999999999893419e-02 0.000000000000000000e+00 0.000000000000000000e+00
1.372499999999996945e+01 4.999999999999893419e-02 0.000000000000000000e+00 0.000000000000000000e+00
1.377499999999996838e+01 5.000000000000071054e-02 0.000000000000000000e+00 0.000000000000000000e+00
1.382499999999996909e+01 5.000000000000071054e-02 0.000000000000000000e+00 0.000000000000000000e+00
1.387499999999996803e+01 4.999999999999893419e-02 0.000000000000000000e+00 0.000000000000000000e+00
1.392499999999996874e+01 4.999999999999893419e-02 0.000000000000000000e+00 0.000000000000000000e+00
1.397499999999996767e+01 5.000000000000071054e-02 0.000000000000000000e+00 0.000000000000000000e+00
1.402499999999996838e+01 5.000000000000071054e-02 0.000000000000000000e+00 0.000000000000000000e+00
1.407499999999996732e+01 4.999999999999893419e-02 0.000000000000000000e+00 0.000000000000000000e+00
1.412499999999996803e+01 4.999999999999893419e-02 0.000000000000000000e+00 0.000000000000000000e+00
1.417499999999996696e+01 5.000000000000071054e-02 0.000000000000000000e+00 0.000000000000000000e+00
1.422499999999996767e+01 5.000000000000071054e-02 0.000000000000000000e+00 0.000000000000000000e+00
1.427499999999996660e+01 4.999999999999893419e-02 0.000000000000000000e+00 0.000000000000000000e+00
1.432499999999996732e+01 4.999999999999893419e-02 0.000000000000000000e+00 0.000000000000000000e+00
1.437499999999996625e+01 5.000000000000071054e-02 0.000000000000000000e+00 0.000000000000000000e+00
1.442499999999996696e+01 5.000000000000071054e-02 0.000000000000000000e+00 0.000000000000000000e+00
1.447499999999996589e+01 4.999999999999893419e-02 0.000000000000000000e+00 0.000000000000000000e+00
1.452499999999996660e+01 4.999999999999893419e-02 0.000000000000000000e+00 0.000000000000000000e+00
1.457499999999996554e+01 5.000000000000071054e-02 0.000000000000000000e+00 0.000000000000000000e+00
1.462499999999996625e+01 5.000000000000071054e-02 0.000000000000000000e+00 0.000000000000000000e+00
1.467499999999996518e+01 4.999999999999893419e-02 0.000000000000000000e+00 0.000000000000000000e+00
1.472499999999996589e+01 4.999999999999893419e-02 0.000000000000000000e+00 0.000000000000000000e+00
1.477499999999996483e+01 5.000000000000071054e-02 0.000000000000000000e+00 0.000000000000000000e+00
1.482499999999996554e+01 5.000000000000071054e-02 0.000000000000000000e+00 0.000000000000000000e+00
1.487499999999996447e+01 4.999999999999893419e-02 0.000000000000000000e+00 0.000000000000000000e+00
1.492499999999996518e+01 4.999999999999893419e-02 0.000000000000000000e+00 0.000000000000000000e+00
1.497499999999996412e+01 5.000000000000071054e-02 0.000000000000000000e+00 0.000000000000000000e+00
1.502499999999996483e+01 5.000000000000071054e-02 0.000000000000000000e+00 0.000000000000000000e+00
1.507499999999996376e+01 4.999999999999893419e-02 0.000000000000000000e+00 0.000000000000000000e+00
1.512499999999996447e+01 4.999999999999893419e-02 0.000000000000000000e+00 0.000000000000000000e+00
1.517499999999996341e+01 5.000000000000071054e-02 0.000000000000000000e+00 0.000000000000000000e+00
1.522499999999996412e+01 5.000000000000071054e-02 0.000000000000000000e+00 0.000000000000000000e+00
1.527499999999996305e+01 4.999999999999893419e-02 0.000000000000000000e+00 0.000000000000000000e+00
1.532499999999996376e+01 4.999999999999893419e-02 0.000000000000000000e+00 0.000000000000000000e+00
1.537499999999996270e+01 5.000000000000071054e-02 0.000000000000000000e+00 0.000000000000000000e+00
1.542499999999996341e+01 5.000000000000071054e-02 0.000000000000000000e+00 0.000000000000000000e+00
1.547499999999996234e+01 4.999999999999893419e-02 0.000000000000000000e+00 0.000000000000000000e+00
1.552499999999996305e+01 4.999999999999893419e-02 0.000000000000000000e+00 0.000000000000000000e+00
1.557499999999996199e+01 5.000000000000071054e-02 0.000000000000000000e+00 0.000000000000000000e+00
1.562499999999996270e+01 5.000000000000071054e-02 0.000000000000000000e+00 0.000000000000000000e+00
1.567499999999996163e+01 4.999999999999893419e-02 0.000000000000000000e+00 0.000000000000000000e+00
1.572499999999996234e+01 4.999999999999893419e-02 0.000000000000000000e+00 0.000000000000000000e+00
1.577499999999996128e+01 5.000000000000071054e-02 0.000000000000000000e+00 0.000000000000000000e+00
1.582499999999996199e+01 5.000000000000071054e-02 0.000000000000000000e+00 0.000000000000000000e+00
1.587499999999996092e+01 4.999999999999893419e-02 0.000000000000000000e+00 0.000000000000000000e+00
1.592499999999996163e+01 4.999999999999893419e-02 0.000000000000000000e+00 0.000000000000000000e+00
