# [0] log10 R / pc, [1] Bin width log10 R / pc, [2] dN/dV (pc^-3), [3] dN/dVlogM (pc^-3 log10 R/pc)
1.024999999999999911e+00 5.000000000000004441e-02 0.000000000000000000e+00 0.000000000000000000e+00
1.075000000000000178e+00 5.000000000000004441e-02 0.000000000000000000e+00 0.000000000000000000e+00
1.125000000000000000e+00 5.000000000000004441e-02 0.000000000000000000e+00 0.000000000000000000e+00
1.175000000000000266e+00 5.000000000000004441e-02 0.000000000000000000e+00 0.000000000000000000e+00
1.225000000000000089e+00 5.000000000000004441e-02 0.000000000000000000e+00 0.000000000000000000e+00
1.275000000000000355e+00 5.000000000000004441e-02 0.000000000000000000e+00 0.000000000000000000e+00
1.325000000000000178e+00 5.000000000000004441e-02 0.000000000000000000e+00 0.000000000000000000e+00
1.375000000000000444e+00 5.000000000000004441e-02 0.000000000000000000e+00 0.000000000000000000e+00
1.425000000000000266e+00 5.000000000000004441e-02 0.000000000000000000e+00 0.000000000000000000e+00
1.475000000000000533e+00 5.000000000000004441e-02 0.000000000000000000e+00 0.000000000000000000e+00
1.525000000000000355e+00 5.000000000000004441e-02 0.000000000000000000e+00 0.000000000000000000e+00
1.575000000000000622e+00 5.000000000000004441e-02 0.000000000000000000e+00 0.000000000000000000e+00
1.625000000000000444e+00 5.000000000000004441e-02 1.000000000089588940e-24 2.000000000179176117e-23
1.675000000000000711e+00 5.000000000000004441e-02 1.999999999986584885e-24 3.999999999973166244e-23
1.725000000000000533e+00 5.000000000000004441e-02 0.000000000000000000e+00 0.000000000000000000e+00
1.775000000000000799e+00 5.000000000000004441e-02 0.000000000000000000e+00 0.000000000000000000e+00
1.825000000000000622e+00 5.000000000000004441e-02 0.000000000000000000e+00 0.000000000000000000e+00
1.875000000000000888e+00 5.000000000000004441e-02 1.000000000089588940e-24 2.000000000179176117e-23
1.925000000000000711e+00 5.000000000000004441e-02 0.000000000000000000e+00 0.000000000000000000e+00
1.975000000000000977e+00 5.000000000000004441e-02 1.999999999793991891e-24 3.999999999587980256e-23
2.025000000000000799e+00 4.999999999999982236e-02 4.000000000165762765e-24 8.000000000331553743e-23
2.075000000000001066e+00 5.000000000000026645e-02 1.999999999793991891e-24 3.999999999587962623e-23
2.125000000000000888e+00 5.000000000000026645e-02 4.999999999870165716e-24 9.999999999740278536e-23
2.175000000000001155e+00 4.999999999999982236e-02 1.100000000021510636e-23 2.200000000043029266e-22
2.225000000000000977e+00 4.999999999999982236e-02 1.700000000017486102e-23 3.400000000034984429e-22
2.275000000000001243e+00 5.000000000000026645e-02 1.099999999982992037e-23 2.199999999965972320e-22
2.325000000000001066e+00 5.000000000000026645e-02 2.099999999976284480e-23 4.199999999952546391e-22
2.375000000000001332e+00 4.999999999999982236e-02 2.999999999999136628e-23 5.999999999998294884e-22
2.425000000000001155e+00 4.999999999999982236e-02 4.400000000009005347e-23 8.800000000018042667e-22
2.475000000000001421e+00 5.000000000000026645e-02 5.500000000030515983e-23 1.100000000006097366e-21
2.525000000000001243e+00 5.000000000000026645e-02 7.399999999988882675e-23 1.479999999997768636e-21
2.575000000000001510e+00 4.999999999999982236e-02 9.599999999993385349e-23 1.919999999998683841e-21
2.625000000000001332e+00 4.999999999999982236e-02 1.340000000006419313e-22 2.680000000012848030e-21
2.675000000000001599e+00 5.000000000000026645e-02 1.859999999997153593e-22 3.719999999994287626e-21
2.725000000000001421e+00 5.000000000000026645e-02 2.830000000003165807e-22 5.660000000006301522e-21
2.775000000000001688e+00 4.999999999999982236e-02 4.209999999999687168e-22 8.419999999999404429e-21
2.825000000000001510e+00 4.999999999999982236e-02 4.940000000003457336e-22 9.880000000006949279e-21
2.875000000000001776e+00 5.000000000000026645e-02 7.790000000006488992e-22 1.558000000001289372e-20
2.925000000000001599e+00 5.000000000000026645e-02 1.052000000000647370e-21 2.104000000001283605e-20
2.975000000000001865e+00 4.999999999999982236e-02 1.376000000000592644e-21 2.752000000001194917e-20
3.025000000000001688e+00 4.999999999999982236e-02 1.825000000001721700e-21 3.650000000003456641e-20
3.075000000000001954e+00 5.000000000000026645e-02 2.342000000001431677e-21 4.684000000002838679e-20
3.125000000000001776e+00 5.000000000000026645e-02 3.194000000002457593e-21 6.388000000004881483e-20
3.175000000000002043e+00 4.999999999999982236e-02 4.022000000001718561e-21 8.044000000003466011e-20
3.225000000000001865e+00 4.999999999999982236e-02 5.418000000004102984e-21 1.083600000000824449e-19
3.275000000000002132e+00 5.000000000000026645e-02 7.220000000003956731e-21 1.444000000000783642e-19
3.325000000000001954e+00 5.000000000000026645e-02 9.649000000004323368e-21 1.929800000000854322e-19
3.375000000000002220e+00 4.999999999999982236e-02 1.328300000000575557e-20 2.656600000001160743e-19
3.425000000000002043e+00 4.999999999999982236e-02 1.874200000001199095e-20 3.748400000002411672e-19
3.475000000000002309e+00 5.000000000000026645e-02 2.591600000001972291e-20 5.183200000003916655e-19
3.525000000000002132e+00 5.000000000000026645e-02 3.327500000002265099e-20 6.655000000004494568e-19
3.575000000000002398e+00 4.999999999999982236e-02 3.621900000004257810e-20 7.243800000008541620e-19
3.625000000000002220e+00 4.999999999999982236e-02 3.508900000007037990e-20 7.017800000014101017e-19
3.675000000000002487e+00 5.000000000000026645e-02 3.002600000008171059e-20 6.005200000016310340e-19
3.725000000000002309e+00 5.000000000000026645e-02 2.313800000011963074e-20 4.627600000023901112e-19
3.775000000000002576e+00 4.999999999999982236e-02 1.661800000008613423e-20 3.323600000017238882e-19
3.825000000000002398e+00 4.999999999999982236e-02 1.163500000005995045e-20 2.327000000011998276e-19
3.875000000000002665e+00 5.000000000000026645e-02 7.853000000040829452e-21 1.570600000008157464e-19
3.925000000000002487e+00 5.000000000000026645e-02 5.126000000026283855e-21 1.025200000005251354e-19
3.975000000000002753e+00 4.999999999999982236e-02 3.342000000017257500e-21 6.684000000034539075e-20
4.025000000000002132e+00 4.999999999999982236e-02 2.032000000010251775e-21 4.064000000020517994e-20
4.075000000000002842e+00 5.000000000000071054e-02 1.300000000006687615e-21 2.600000000013338216e-20
4.125000000000003553e+00 4.999999999999982236e-02 7.710000000041692336e-22 1.542000000008343884e-20
4.175000000000002487e+00 4.999999999999982236e-02 5.290000000034813465e-22 1.058000000006966455e-20
4.225000000000003197e+00 4.999999999999982236e-02 3.060000000014141614e-22 6.120000000028305045e-21
4.275000000000002132e+00 4.999999999999982236e-02 2.110000000007995249e-22 4.220000000016005543e-21
4.325000000000002842e+00 5.000000000000071054e-02 1.590000000009557248e-22 3.180000000019069358e-21
4.375000000000003553e+00 4.999999999999982236e-02 1.010000000005743912e-22 2.020000000011494971e-21
4.425000000000002487e+00 4.999999999999982236e-02 7.900000000052936445e-23 1.580000000010592931e-21
4.475000000000003197e+00 5.000000000000071054e-02 5.099999999975421108e-23 1.019999999995069739e-21
4.525000000000003908e+00 4.999999999999982236e-02 5.100000000071717605e-23 1.020000000014347094e-21
4.575000000000002842e+00 4.999999999999982236e-02 3.900000000002729476e-23 7.800000000005486223e-22
4.625000000000003553e+00 4.999999999999982236e-02 2.800000000000478139e-23 5.600000000000976026e-22
4.675000000000002487e+00 4.999999999999982236e-02 1.699999999978967503e-23 3.399999999957947231e-22
4.725000000000003197e+00 5.000000000000071054e-02 1.200000000011210231e-23 2.400000000022386137e-22
4.775000000000003908e+00 4.999999999999982236e-02 1.000000000012551742e-23 2.000000000025110537e-22
4.825000000000002842e+00 4.999999999999982236e-02 1.800000000045704295e-23 3.600000000091421286e-22
4.875000000000003553e+00 5.000000000000071054e-02 1.099999999963732738e-23 2.199999999927434443e-22
4.925000000000004263e+00 4.999999999999982236e-02 3.999999999973169771e-24 7.999999999946367754e-23
4.975000000000003197e+00 4.999999999999982236e-02 2.000000000179177880e-24 4.000000000358369866e-23
5.025000000000003908e+00 4.999999999999982236e-02 1.999999999986584885e-24 3.999999999973183877e-23
5.075000000000002842e+00 4.999999999999982236e-02 1.999999999986584885e-24 3.999999999973183877e-23
5.125000000000003553e+00 5.000000000000071054e-02 9.999999998969959455e-25 1.999999999793963385e-23
5.175000000000004263e+00 4.999999999999982236e-02 1.000000000089588940e-24 2.000000000179184933e-23
5.225000000000003197e+00 4.999999999999982236e-02 9.999999998969959455e-25 1.999999999793998944e-23
5.275000000000003908e+00 5.000000000000071054e-02 0.000000000000000000e+00 0.000000000000000000e+00
5.325000000000004619e+00 4.999999999999982236e-02 1.000000000089588940e-24 2.000000000179184933e-23
5.375000000000003553e+00 4.999999999999982236e-02 0.000000000000000000e+00 0.000000000000000000e+00
5.425000000000004263e+00 4.999999999999982236e-02 0.000000000000000000e+00 0.000000000000000000e+00
5.475000000000003197e+00 4.999999999999982236e-02 0.000000000000000000e+00 0.000000000000000000e+00
5.525000000000003908e+00 5.000000000000071054e-02 1.000000000089588940e-24 2.000000000179149374e-23
5.575000000000004619e+00 4.999999999999982236e-02 0.000000000000000000e+00 0.000000000000000000e+00
5.625000000000003553e+00 4.999999999999982236e-02 0.000000000000000000e+00 0.000000000000000000e+00
5.675000000000004263e+00 5.000000000000071054e-02 0.000000000000000000e+00 0.000000000000000000e+00
5.725000000000004974e+00 4.999999999999982236e-02 0.000000000000000000e+00 0.000000000000000000e+00
5.775000000000003908e+00 4.999999999999982236e-02 0.000000000000000000e+00 0.000000000000000000e+00
5.825000000000004619e+00 4.999999999999982236e-02 0.000000000000000000e+00 0.000000000000000000e+00
5.875000000000003553e+00 4.999999999999982236e-02 0.000000000000000000e+00 0.000000000000000000e+00
5.925000000000004263e+00 5.000000000000071054e-02 0.000000000000000000e+00 0.000000000000000000e+00
5.975000000000004974e+00 4.999999999999982236e-02 0.000000000000000000e+00 0.000000000000000000e+00
6.025000000000003908e+00 4.999999999999982236e-02 0.000000000000000000e+00 0.000000000000000000e+00
6.075000000000004619e+00 5.000000000000071054e-02 0.000000000000000000e+00 0.000000000000000000e+00
6.125000000000005329e+00 4.999999999999982236e-02 0.000000000000000000e+00 0.000000000000000000e+00
6.175000000000004263e+00 4.999999999999982236e-02 0.000000000000000000e+00 0.000000000000000000e+00
6.225000000000004974e+00 4.999999999999982236e-02 0.000000000000000000e+00 0.000000000000000000e+00
6.275000000000003908e+00 4.999999999999982236e-02 0.000000000000000000e+00 0.000000000000000000e+00
6.325000000000004619e+00 5.000000000000071054e-02 0.000000000000000000e+00 0.000000000000000000e+00
6.375000000000005329e+00 4.999999999999982236e-02 0.000000000000000000e+00 0.000000000000000000e+00
6.425000000000004263e+00 4.999999999999982236e-02 0.000000000000000000e+00 0.000000000000000000e+00
6.475000000000004974e+00 5.000000000000071054e-02 0.000000000000000000e+00 0.000000000000000000e+00
6.525000000000005684e+00 4.999999999999982236e-02 0.000000000000000000e+00 0.000000000000000000e+00
6.575000000000004619e+00 4.999999999999982236e-02 0.000000000000000000e+00 0.000000000000000000e+00
6.625000000000005329e+00 4.999999999999982236e-02 0.000000000000000000e+00 0.000000000000000000e+00
6.675000000000004263e+00 4.999999999999982236e-02 0.000000000000000000e+00 0.000000000000000000e+00
6.725000000000004974e+00 5.000000000000071054e-02 0.000000000000000000e+00 0.000000000000000000e+00
6.775000000000005684e+00 4.999999999999982236e-02 0.000000000000000000e+00 0.000000000000000000e+00
6.825000000000004619e+00 4.999999999999982236e-02 0.000000000000000000e+00 0.000000000000000000e+00
6.875000000000005329e+00 5.000000000000071054e-02 0.000000000000000000e+00 0.000000000000000000e+00
6.925000000000006040e+00 4.999999999999982236e-02 0.000000000000000000e+00 0.000000000000000000e+00
