# [0] log10 Mass / Msun, [1] Bin width log10 Mass / Msun, [2] dN/dV (pc^-3), [3] dN/dVlogM (pc^-3 log10 Mass/Msun)
5.025000000000000355e+00 4.999999999999982236e-02 0.000000000000000000e+00 0.000000000000000000e+00
5.074999999999999289e+00 4.999999999999982236e-02 0.000000000000000000e+00 0.000000000000000000e+00
5.125000000000000000e+00 4.999999999999982236e-02 0.000000000000000000e+00 0.000000000000000000e+00
5.174999999999998934e+00 4.999999999999982236e-02 0.000000000000000000e+00 0.000000000000000000e+00
5.224999999999999645e+00 4.999999999999982236e-02 0.000000000000000000e+00 0.000000000000000000e+00
5.274999999999998579e+00 4.999999999999982236e-02 0.000000000000000000e+00 0.000000000000000000e+00
5.324999999999999289e+00 4.999999999999982236e-02 0.000000000000000000e+00 0.000000000000000000e+00
5.374999999999998224e+00 4.999999999999982236e-02 0.000000000000000000e+00 0.000000000000000000e+00
5.424999999999998934e+00 4.999999999999982236e-02 0.000000000000000000e+00 0.000000000000000000e+00
5.474999999999997868e+00 4.999999999999982236e-02 0.000000000000000000e+00 0.000000000000000000e+00
5.524999999999998579e+00 4.999999999999982236e-02 0.000000000000000000e+00 0.000000000000000000e+00
5.574999999999997513e+00 4.999999999999982236e-02 0.000000000000000000e+00 0.000000000000000000e+00
5.624999999999998224e+00 4.999999999999982236e-02 0.000000000000000000e+00 0.000000000000000000e+00
5.674999999999997158e+00 4.999999999999982236e-02 0.000000000000000000e+00 0.000000000000000000e+00
5.724999999999997868e+00 4.999999999999982236e-02 0.000000000000000000e+00 0.000000000000000000e+00
5.774999999999996803e+00 4.999999999999982236e-02 0.000000000000000000e+00 0.000000000000000000e+00
5.824999999999997513e+00 4.999999999999982236e-02 0.000000000000000000e+00 0.000000000000000000e+00
5.874999999999996447e+00 4.999999999999982236e-02 0.000000000000000000e+00 0.000000000000000000e+00
5.924999999999997158e+00 4.999999999999982236e-02 0.000000000000000000e+00 0.000000000000000000e+00
5.974999999999996092e+00 4.999999999999982236e-02 0.000000000000000000e+00 0.000000000000000000e+00
6.024999999999996803e+00 4.999999999999982236e-02 1.703799999999662312e-20 3.407599999999336782e-19
6.074999999999995737e+00 4.999999999999982236e-02 2.459999999998846663e-22 4.919999999997710630e-21
6.124999999999996447e+00 4.999999999999982236e-02 3.799999999998886333e-23 7.599999999997799938e-22
6.174999999999995381e+00 4.999999999999982236e-02 7.999999999994487790e-24 1.599999999998903200e-22
6.224999999999996092e+00 4.999999999999982236e-02 0.000000000000000000e+00 0.000000000000000000e+00
6.274999999999995026e+00 4.999999999999982236e-02 1.091569999999542487e-19 2.183139999999092581e-18
6.324999999999995737e+00 4.999999999999982236e-02 2.131899999998902408e-20 4.263799999997819743e-19
6.374999999999994671e+00 4.999999999999982236e-02 2.649999999998354637e-22 5.299999999996728081e-21
6.424999999999995381e+00 4.999999999999982236e-02 2.899999999997399971e-23 5.799999999994820631e-22
6.474999999999994316e+00 4.999999999999982236e-02 1.803499999999157574e-20 3.606999999998328147e-19
6.524999999999995026e+00 4.999999999999982236e-02 3.203999999998321991e-21 6.407999999996666852e-20
6.574999999999993960e+00 4.999999999999982236e-02 1.175259999999494151e-19 2.350519999998996776e-18
6.624999999999994671e+00 4.999999999999982236e-02 1.774899999999120706e-20 3.549799999998253930e-19
6.674999999999993605e+00 4.999999999999982236e-02 7.209999999995453418e-22 1.441999999999095799e-20
6.724999999999994316e+00 4.999999999999982236e-02 1.230690000000558132e-19 2.461380000001125123e-18
6.774999999999993250e+00 4.999999999999982236e-02 8.038999999998029907e-21 1.607799999999611759e-19
6.824999999999993960e+00 4.999999999999982236e-02 4.001999999998867521e-21 8.003999999997763930e-20
6.874999999999992895e+00 4.999999999999982236e-02 1.966900000001078046e-20 3.933800000002170056e-19
6.924999999999993605e+00 4.999999999999982236e-02 7.438000000000664850e-21 1.487600000000138266e-19
6.974999999999992539e+00 4.999999999999982236e-02 1.176700000000244271e-20 2.353400000000496728e-19
7.024999999999993250e+00 4.999999999999982236e-02 9.478999999999589567e-21 1.895799999999924654e-19
7.074999999999992184e+00 4.999999999999982236e-02 7.016999999999059093e-21 1.403399999999816874e-19
7.124999999999992895e+00 4.999999999999982236e-02 8.947999999998240158e-21 1.789599999999654291e-19
7.174999999999991829e+00 4.999999999999982236e-02 7.821999999999918782e-21 1.564399999999989293e-19
7.224999999999992539e+00 4.999999999999982236e-02 7.193000000001345237e-21 1.438600000000274103e-19
7.274999999999991473e+00 4.999999999999982236e-02 7.860000000002263900e-21 1.572000000000458317e-19
7.324999999999992184e+00 4.999999999999982236e-02 6.556000000003306835e-21 1.311200000000665941e-19
7.374999999999991118e+00 4.999999999999982236e-02 6.172000000004149200e-21 1.234400000000834173e-19
7.424999999999991829e+00 4.999999999999982236e-02 6.980000000008359143e-21 1.396000000001676884e-19
7.474999999999990763e+00 4.999999999999982236e-02 6.781000000011908767e-21 1.356200000002386568e-19
7.524999999999991473e+00 4.999999999999982236e-02 6.807000000010482516e-21 1.361400000002101318e-19
7.574999999999990408e+00 4.999999999999982236e-02 7.160000000011003643e-21 1.432000000002205784e-19
7.624999999999991118e+00 4.999999999999982236e-02 6.924000000007771801e-21 1.384800000001559175e-19
7.674999999999990052e+00 4.999999999999982236e-02 7.321000000007131128e-21 1.464200000001431522e-19
7.724999999999990763e+00 4.999999999999982236e-02 7.631000000006303639e-21 1.526200000001266265e-19
7.774999999999989697e+00 4.999999999999982236e-02 6.914000000003890721e-21 1.382800000000782959e-19
7.824999999999990408e+00 4.999999999999982236e-02 7.221000000003372244e-21 1.444200000000679504e-19
7.874999999999989342e+00 4.999999999999982236e-02 6.628000000002535001e-21 1.325600000000511815e-19
7.924999999999990052e+00 4.999999999999982236e-02 6.707000000003064366e-21 1.341400000000617688e-19
7.974999999999988987e+00 4.999999999999982236e-02 6.155000000002626188e-21 1.231000000000529571e-19
8.024999999999989697e+00 5.000000000000071054e-02 6.028000000003766937e-21 1.205600000000736295e-19
8.074999999999988631e+00 4.999999999999893419e-02 5.687000000009713481e-21 1.137400000001967011e-19
8.124999999999989342e+00 4.999999999999893419e-02 6.085000000019369825e-21 1.217000000003899965e-19
8.174999999999988276e+00 5.000000000000071054e-02 5.927000000019562950e-21 1.185400000003895738e-19
8.224999999999988987e+00 5.000000000000071054e-02 6.038000000021225824e-21 1.207600000004228072e-19
8.274999999999987921e+00 4.999999999999893419e-02 6.138000000021421737e-21 1.227600000004310588e-19
8.324999999999988631e+00 4.999999999999893419e-02 6.317000000022147014e-21 1.263400000004456366e-19
8.374999999999987566e+00 5.000000000000071054e-02 6.250000000023077903e-21 1.250000000004597766e-19
8.424999999999988276e+00 5.000000000000071054e-02 5.884000000021488416e-21 1.176800000004281072e-19
8.474999999999987210e+00 4.999999999999893419e-02 4.542000000015082518e-21 9.084000000030358833e-20
8.524999999999987921e+00 4.999999999999893419e-02 3.211000000008121355e-21 6.422000000016379932e-20
8.574999999999986855e+00 5.000000000000071054e-02 2.357000000004316255e-21 4.714000000008565705e-20
8.624999999999987566e+00 5.000000000000071054e-02 2.089000000003224986e-21 4.178000000006390388e-20
8.674999999999986500e+00 4.999999999999893419e-02 1.900000000002374191e-21 3.800000000004829633e-20
8.724999999999987210e+00 4.999999999999893419e-02 1.622000000001735183e-21 3.244000000003539580e-20
8.774999999999986144e+00 5.000000000000071054e-02 1.446000000001086080e-21 2.892000000002131234e-20
8.824999999999986855e+00 5.000000000000071054e-02 1.299000000000820236e-21 2.598000000001603459e-20
8.874999999999985789e+00 4.999999999999893419e-02 1.242000000000335899e-21 2.484000000000724760e-20
8.924999999999986500e+00 4.999999999999893419e-02 1.154000000000252088e-21 2.308000000000553227e-20
8.974999999999985434e+00 5.000000000000071054e-02 1.017000000000208059e-21 2.034000000000387228e-20
9.024999999999986144e+00 5.000000000000071054e-02 1.016000000000214766e-21 2.032000000000400643e-20
9.074999999999985079e+00 4.999999999999893419e-02 8.479999999999934848e-22 1.696000000000023081e-20
9.124999999999985789e+00 4.999999999999893419e-02 8.890000000000073644e-22 1.778000000000052646e-20
9.174999999999984723e+00 5.000000000000071054e-02 8.020000000000131429e-22 1.604000000000003415e-20
9.224999999999985434e+00 5.000000000000071054e-02 8.059999999999863127e-22 1.611999999999949755e-20
9.274999999999984368e+00 4.999999999999893419e-02 6.780000000009411765e-22 1.356000000001911242e-20
9.324999999999985079e+00 4.999999999999893419e-02 6.820000000036106482e-22 1.364000000007250486e-20
9.374999999999984013e+00 5.000000000000071054e-02 6.730000000035747197e-22 1.346000000007130331e-20
9.424999999999984723e+00 5.000000000000071054e-02 6.150000000031933861e-22 1.230000000006369318e-20
9.474999999999983658e+00 4.999999999999893419e-02 6.580000000036753331e-22 1.316000000007378652e-20
9.524999999999984368e+00 4.999999999999893419e-02 6.130000000032068012e-22 1.226000000006439783e-20
9.574999999999983302e+00 5.000000000000071054e-02 5.640000000029576925e-22 1.128000000005899285e-20
9.624999999999984013e+00 5.000000000000071054e-02 5.630000000029644001e-22 1.126000000005912851e-20
9.674999999999982947e+00 4.999999999999893419e-02 5.520000000031344797e-22 1.104000000006292432e-20
9.724999999999983658e+00 4.999999999999893419e-02 5.570000000029083489e-22 1.114000000005840471e-20
9.774999999999982592e+00 5.000000000000071054e-02 5.110000000026391176e-22 1.022000000005263640e-20
9.824999999999983302e+00 5.000000000000071054e-02 4.960000000026434344e-22 9.920000000052727253e-21
9.874999999999982236e+00 4.999999999999893419e-02 5.100000000027421216e-22 1.020000000005506060e-20
9.924999999999982947e+00 4.999999999999893419e-02 4.790000000024685734e-22 9.580000000049576098e-21
9.974999999999981881e+00 5.000000000000071054e-02 4.650000000024661827e-22 9.300000000049191246e-21
1.002499999999998259e+01 5.000000000000071054e-02 4.850000000026209211e-22 9.700000000052279995e-21
1.007499999999998153e+01 4.999999999999893419e-02 4.200000000021902438e-22 8.400000000043983927e-21
1.012499999999998224e+01 4.999999999999893419e-02 3.530000000018692782e-22 7.060000000037536027e-21
1.017499999999998117e+01 5.000000000000071054e-02 3.460000000018199346e-22 6.920000000036300890e-21
1.022499999999998188e+01 5.000000000000071054e-02 3.120000000016628055e-22 6.240000000033167337e-21
1.027499999999998082e+01 4.999999999999893419e-02 3.380000000018735950e-22 6.760000000037616345e-21
1.032499999999998153e+01 4.999999999999893419e-02 3.260000000016651962e-22 6.520000000033443103e-21
1.037499999999998046e+01 5.000000000000071054e-02 3.050000000017097584e-22 6.100000000034108652e-21
1.042499999999998117e+01 5.000000000000071054e-02 2.670000000013868666e-22 5.340000000027661348e-21
1.047499999999998010e+01 4.999999999999893419e-02 2.490000000013150097e-22 4.980000000026406270e-21
1.052499999999998082e+01 4.999999999999893419e-02 2.430000000012589585e-22 4.860000000025282990e-21
1.057499999999997975e+01 5.000000000000071054e-02 2.150000000011578806e-22 4.300000000023096675e-21
1.062499999999998046e+01 5.000000000000071054e-02 2.230000000012005167e-22 4.460000000023947138e-21
1.067499999999997939e+01 4.999999999999893419e-02 1.770000000009312853e-22 3.540000000018700938e-21
1.072499999999998010e+01 4.999999999999893419e-02 1.680000000008953568e-22 3.360000000017978606e-21
1.077499999999997904e+01 5.000000000000071054e-02 1.470000000008436225e-22 2.940000000016830697e-21
1.082499999999997975e+01 5.000000000000071054e-02 1.410000000006912749e-22 2.820000000013785249e-21
1.087499999999997868e+01 4.999999999999893419e-02 1.290000000006754691e-22 2.580000000013564300e-21
1.092499999999997939e+01 4.999999999999893419e-02 1.120000000005969045e-22 2.240000000011985863e-21
1.097499999999997833e+01 5.000000000000071054e-02 8.800000000046899643e-23 1.760000000009355102e-21
1.102499999999997904e+01 5.000000000000071054e-02 8.500000000048911910e-23 1.700000000009758308e-21
1.107499999999997797e+01 4.999999999999893419e-02 6.700000000032096564e-23 1.340000000006447901e-21
1.112499999999997868e+01 4.999999999999893419e-02 6.000000000036791854e-23 1.200000000007383950e-21
1.117499999999997762e+01 5.000000000000071054e-02 7.300000000037701679e-23 1.460000000007519647e-21
1.122499999999997833e+01 5.000000000000071054e-02 5.700000000029174472e-23 1.140000000005818720e-21
1.127499999999997726e+01 4.999999999999893419e-02 6.600000000032767320e-23 1.320000000006581676e-21
1.132499999999997797e+01 4.999999999999893419e-02 5.100000000033199006e-23 1.020000000006661618e-21
1.137499999999997691e+01 5.000000000000071054e-02 5.400000000031186739e-23 1.080000000006221925e-21
1.142499999999997762e+01 5.000000000000071054e-02 4.500000000017964241e-23 9.000000000035800588e-22
1.147499999999997655e+01 4.999999999999893419e-02 3.100000000017725171e-23 6.200000000035582938e-22
1.152499999999997726e+01 4.999999999999893419e-02 3.400000000015712904e-23 6.800000000031570629e-22
1.157499999999997620e+01 5.000000000000071054e-02 2.800000000019737439e-23 5.600000000039394943e-22
1.162499999999997691e+01 5.000000000000071054e-02 2.900000000009437033e-23 5.800000000018791311e-22
1.167499999999997584e+01 4.999999999999893419e-02 2.700000000020408194e-23 5.400000000040931117e-22
1.172499999999997655e+01 4.999999999999893419e-02 2.100000000005173429e-23 4.200000000010436196e-22
1.177499999999997549e+01 5.000000000000071054e-02 2.800000000019737439e-23 5.600000000039394943e-22
1.182499999999997620e+01 5.000000000000071054e-02 2.400000000012790812e-23 4.800000000025512975e-22
1.187499999999997513e+01 4.999999999999893419e-02 2.100000000014803079e-23 4.200000000029695495e-22
1.192499999999997584e+01 4.999999999999893419e-02 1.300000000000909825e-23 2.600000000001875134e-22
1.197499999999997478e+01 5.000000000000071054e-02 1.800000000007185696e-23 3.600000000014320141e-22
1.202499999999997549e+01 5.000000000000071054e-02 1.700000000017486102e-23 3.400000000034923773e-22
1.207499999999997442e+01 4.999999999999893419e-02 8.000000000042636039e-24 1.600000000008561297e-22
1.212499999999997513e+01 4.999999999999893419e-02 8.000000000042636039e-24 1.600000000008561297e-22
1.217499999999997407e+01 5.000000000000071054e-02 1.700000000007856452e-23 3.400000000015664474e-22
1.222499999999997478e+01 5.000000000000071054e-02 1.200000000001580581e-23 2.400000000003126838e-22
1.227499999999997371e+01 4.999999999999893419e-02 1.300000000010539475e-23 2.600000000021134433e-22
1.232499999999997442e+01 4.999999999999893419e-02 1.000000000002922092e-23 2.000000000005886738e-22
1.237499999999997335e+01 5.000000000000071054e-02 8.000000000042636039e-24 1.600000000008504403e-22
1.242499999999997407e+01 5.000000000000071054e-02 1.000000000002922092e-23 2.000000000005815738e-22
1.247499999999997300e+01 4.999999999999893419e-02 8.000000000042636039e-24 1.600000000008561297e-22
1.252499999999997371e+01 4.999999999999893419e-02 5.000000000062758711e-24 1.000000000012573019e-22
1.257499999999997264e+01 5.000000000000071054e-02 5.000000000062758711e-24 1.000000000012537519e-22
1.262499999999997335e+01 5.000000000000071054e-02 1.100000000002251337e-23 2.200000000004471640e-22
1.267499999999997229e+01 4.999999999999893419e-02 2.999999999979877328e-24 5.999999999959882785e-23
1.272499999999997300e+01 4.999999999999893419e-02 7.000000000049343596e-24 1.400000000009898577e-22
1.277499999999997193e+01 5.000000000000071054e-02 4.000000000069466268e-24 8.000000000138818513e-23
1.282499999999997264e+01 5.000000000000071054e-02 4.999999999966462214e-24 9.999999999932782193e-23
1.287499999999997158e+01 4.999999999999893419e-02 2.000000000082881383e-24 4.000000000165847989e-23
1.292499999999997229e+01 4.999999999999893419e-02 3.999999999973169771e-24 7.999999999946509989e-23
1.297499999999997122e+01 5.000000000000071054e-02 5.000000000062758711e-24 1.000000000012537519e-22
1.302499999999997193e+01 5.000000000000071054e-02 1.999999999986584885e-24 3.999999999973112759e-23
1.307499999999997087e+01 4.999999999999893419e-02 9.999999999932924427e-25 1.999999999986627497e-23
1.312499999999997158e+01 4.999999999999893419e-02 9.999999999932924427e-25 1.999999999986627497e-23
1.317499999999997051e+01 5.000000000000071054e-02 3.000000000076173825e-24 6.000000000152261840e-23
1.322499999999997122e+01 5.000000000000071054e-02 0.000000000000000000e+00 0.000000000000000000e+00
1.327499999999997016e+01 4.999999999999893419e-02 0.000000000000000000e+00 0.000000000000000000e+00
1.332499999999997087e+01 4.999999999999893419e-02 0.000000000000000000e+00 0.000000000000000000e+00
1.337499999999996980e+01 5.000000000000071054e-02 9.999999999932924427e-25 1.999999999986556380e-23
1.342499999999997051e+01 5.000000000000071054e-02 0.000000000000000000e+00 0.000000000000000000e+00
1.347499999999996945e+01 4.999999999999893419e-02 2.999999999979877328e-24 5.999999999959882785e-23
1.352499999999997016e+01 4.999999999999893419e-02 9.999999999932924427e-25 1.999999999986627497e-23
1.357499999999996909e+01 5.000000000000071054e-02 0.000000000000000000e+00 0.000000000000000000e+00
1.362499999999996980e+01 5.000000000000071054e-02 0.000000000000000000e+00 0.000000000000000000e+00
1.367499999999996874e+01 4.999999999999893419e-02 1.999999999986584885e-24 3.999999999973254994e-23
1.372499999999996945e+01 4.999999999999893419e-02 0.000000000000000000e+00 0.000000000000000000e+00
1.377499999999996838e+01 5.000000000000071054e-02 0.000000000000000000e+00 0.000000000000000000e+00
1.382499999999996909e+01 5.000000000000071054e-02 0.000000000000000000e+00 0.000000000000000000e+00
1.387499999999996803e+01 4.999999999999893419e-02 1.000000000089588940e-24 2.000000000179220492e-23
1.392499999999996874e+01 4.999999999999893419e-02 0.000000000000000000e+00 0.000000000000000000e+00
1.397499999999996767e+01 5.000000000000071054e-02 0.000000000000000000e+00 0.000000000000000000e+00
1.402499999999996838e+01 5.000000000000071054e-02 0.000000000000000000e+00 0.000000000000000000e+00
1.407499999999996732e+01 4.999999999999893419e-02 0.000000000000000000e+00 0.000000000000000000e+00
1.412499999999996803e+01 4.999999999999893419e-02 0.000000000000000000e+00 0.000000000000000000e+00
1.417499999999996696e+01 5.000000000000071054e-02 0.000000000000000000e+00 0.000000000000000000e+00
1.422499999999996767e+01 5.000000000000071054e-02 0.000000000000000000e+00 0.000000000000000000e+00
1.427499999999996660e+01 4.999999999999893419e-02 0.000000000000000000e+00 0.000000000000000000e+00
1.432499999999996732e+01 4.999999999999893419e-02 0.000000000000000000e+00 0.000000000000000000e+00
1.437499999999996625e+01 5.000000000000071054e-02 0.000000000000000000e+00 0.000000000000000000e+00
1.442499999999996696e+01 5.000000000000071054e-02 0.000000000000000000e+00 0.000000000000000000e+00
1.447499999999996589e+01 4.999999999999893419e-02 0.000000000000000000e+00 0.000000000000000000e+00
1.452499999999996660e+01 4.999999999999893419e-02 0.000000000000000000e+00 0.000000000000000000e+00
1.457499999999996554e+01 5.000000000000071054e-02 0.000000000000000000e+00 0.000000000000000000e+00
1.462499999999996625e+01 5.000000000000071054e-02 0.000000000000000000e+00 0.000000000000000000e+00
1.467499999999996518e+01 4.999999999999893419e-02 0.000000000000000000e+00 0.000000000000000000e+00
1.472499999999996589e+01 4.999999999999893419e-02 0.000000000000000000e+00 0.000000000000000000e+00
1.477499999999996483e+01 5.000000000000071054e-02 0.000000000000000000e+00 0.000000000000000000e+00
1.482499999999996554e+01 5.000000000000071054e-02 0.000000000000000000e+00 0.000000000000000000e+00
1.487499999999996447e+01 4.999999999999893419e-02 0.000000000000000000e+00 0.000000000000000000e+00
1.492499999999996518e+01 4.999999999999893419e-02 0.000000000000000000e+00 0.000000000000000000e+00
1.497499999999996412e+01 5.000000000000071054e-02 0.000000000000000000e+00 0.000000000000000000e+00
1.502499999999996483e+01 5.000000000000071054e-02 0.000000000000000000e+00 0.000000000000000000e+00
1.507499999999996376e+01 4.999999999999893419e-02 0.000000000000000000e+00 0.000000000000000000e+00
1.512499999999996447e+01 4.999999999999893419e-02 0.000000000000000000e+00 0.000000000000000000e+00
1.517499999999996341e+01 5.000000000000071054e-02 0.000000000000000000e+00 0.000000000000000000e+00
1.522499999999996412e+01 5.000000000000071054e-02 0.000000000000000000e+00 0.000000000000000000e+00
1.527499999999996305e+01 4.999999999999893419e-02 0.000000000000000000e+00 0.000000000000000000e+00
1.532499999999996376e+01 4.999999999999893419e-02 0.000000000000000000e+00 0.000000000000000000e+00
1.537499999999996270e+01 5.000000000000071054e-02 0.000000000000000000e+00 0.000000000000000000e+00
1.542499999999996341e+01 5.000000000000071054e-02 0.000000000000000000e+00 0.000000000000000000e+00
1.547499999999996234e+01 4.999999999999893419e-02 0.000000000000000000e+00 0.000000000000000000e+00
1.552499999999996305e+01 4.999999999999893419e-02 0.000000000000000000e+00 0.000000000000000000e+00
1.557499999999996199e+01 5.000000000000071054e-02 0.000000000000000000e+00 0.000000000000000000e+00
1.562499999999996270e+01 5.000000000000071054e-02 0.000000000000000000e+00 0.000000000000000000e+00
1.567499999999996163e+01 4.999999999999893419e-02 0.000000000000000000e+00 0.000000000000000000e+00
1.572499999999996234e+01 4.999999999999893419e-02 0.000000000000000000e+00 0.000000000000000000e+00
1.577499999999996128e+01 5.000000000000071054e-02 0.000000000000000000e+00 0.000000000000000000e+00
1.582499999999996199e+01 5.000000000000071054e-02 0.000000000000000000e+00 0.000000000000000000e+00
1.587499999999996092e+01 4.999999999999893419e-02 0.000000000000000000e+00 0.000000000000000000e+00
1.592499999999996163e+01 4.999999999999893419e-02 0.000000000000000000e+00 0.000000000000000000e+00
