0.000000000000000000e+00
0.000000000000000000e+00
0.000000000000000000e+00
0.000000000000000000e+00
0.000000000000000000e+00
0.000000000000000000e+00
0.000000000000000000e+00
0.000000000000000000e+00
0.000000000000000000e+00
0.000000000000000000e+00
0.000000000000000000e+00
0.000000000000000000e+00
0.000000000000000000e+00
0.000000000000000000e+00
0.000000000000000000e+00
0.000000000000000000e+00
0.000000000000000000e+00
0.000000000000000000e+00
0.000000000000000000e+00
0.000000000000000000e+00
0.000000000000000000e+00
0.000000000000000000e+00
0.000000000000000000e+00
4.679760802168790323e-25
2.951549244491683541e-27
9.654969566107976914e-28
3.521590957957326657e-28
1.072944465352737395e-28
2.776559588686326766e-25
3.723245492732312226e-27
1.848382021535964895e-27
5.345770766688066184e-28
1.611285053660560057e-25
4.554930872203737390e-27
1.467965473767482429e-26
4.745571128163272696e-27
5.972141327274854935e-27
3.647988088631113066e-27
1.351140195137470210e-27
2.444708050749888189e-27
1.959924022436079804e-27
2.283982074541930482e-27
1.431222667379570682e-27
1.299729768444226556e-27
1.445297194614011654e-27
1.338835598733151126e-27
1.195450812151616698e-27
1.217296303782284326e-27
9.870713461188823320e-28
9.640524708142648251e-28
9.015842586337808588e-28
7.458800671109376609e-28
6.606091766302609402e-28
5.522448276599857197e-28
4.698312129966977566e-28
3.853828374931649649e-28
3.578306324650956530e-28
3.039344117441232050e-28
2.977277995254732716e-28
2.689324344623594505e-28
2.367609221938507696e-28
2.270106627424032994e-28
1.949424792326090281e-28
1.746707695619996002e-28
1.164434160717836577e-28
6.518062603552978595e-29
3.919538724267351703e-29
2.742450584915606023e-29
2.188517514400248920e-29
1.655331520220037012e-29
1.300366873091300789e-29
9.917521082883122992e-30
7.608664751870938697e-30
6.406883934938386980e-30
5.349920883984784534e-30
4.424058028739019688e-30
3.504337269997217468e-30
3.052297194305357571e-30
2.395615339443064715e-30
2.000748105412252511e-30
1.934697209966986156e-30
1.652441449429472001e-30
1.374147882881527528e-30
1.169659216623676991e-30
9.987847498672135087e-31
8.641016905878420039e-31
7.237776893029450165e-31
6.283380682942910529e-31
5.946287911031232583e-31
4.793255105202163778e-31
4.290132965784142247e-31
3.401813666957416792e-31
2.833953687848047956e-31
2.245985000686087777e-31
1.790039990773564617e-31
1.557914259119476105e-31
1.219495091122566396e-31
9.896331634249725430e-32
9.806364694376974212e-32
7.148226753999856182e-32
5.199445931663074126e-32
4.622209668632956401e-32
3.585953200339760975e-32
2.420310818545934812e-32
2.216254548227300345e-32
1.769246498948218948e-32
1.563236462865880247e-32
1.300755041179877078e-32
7.109046672307881726e-33
7.328152301651171547e-33
6.289870312688952232e-33
4.168111096460839527e-33
3.827201350580425593e-33
3.190154948402740939e-33
3.438808091128455826e-33
3.038395271693045075e-33
1.760397566351256032e-33
1.399876105362337450e-33
1.030729453049051984e-33
1.153568423657136548e-33
6.169130122988281223e-34
4.502834939463021982e-34
6.072489267326722523e-34
4.810369504283439912e-34
4.577195397890991336e-34
2.888735300566401065e-34
2.552372637775598722e-34
1.353105509015265048e-34
2.092213704727353398e-34
1.232398369687282273e-34
7.777847274219209540e-35
6.184979324202222553e-35
9.108006532199211152e-35
5.364983689793285015e-35
6.636403341327135017e-35
4.607164874477963836e-35
3.330580310919106184e-35
4.577641400014093396e-35
1.155606711604346948e-35
2.042097072861025692e-35
6.766186778466461927e-36
1.992778638198040778e-35
1.056444389696817549e-35
9.334326177392595392e-36
8.247442651832582332e-36
3.643557606761803410e-36
1.073101290794528739e-36
4.740749994749779043e-36
4.188739815327822727e-36
7.402010761701351452e-37
6.540124922167033137e-37
1.733578971010249724e-36
0.000000000000000000e+00
0.000000000000000000e+00
0.000000000000000000e+00
3.521824432215128498e-37
3.111745238172661819e-37
5.498830855233699635e-37
2.429275090031681009e-37
0.000000000000000000e+00
1.896484773449503471e-37
1.675659186490637160e-37
0.000000000000000000e+00
0.000000000000000000e+00
1.155831927418405728e-37
0.000000000000000000e+00
0.000000000000000000e+00
0.000000000000000000e+00
0.000000000000000000e+00
0.000000000000000000e+00
0.000000000000000000e+00
0.000000000000000000e+00
0.000000000000000000e+00
0.000000000000000000e+00
0.000000000000000000e+00
0.000000000000000000e+00
0.000000000000000000e+00
0.000000000000000000e+00
0.000000000000000000e+00
0.000000000000000000e+00
0.000000000000000000e+00
0.000000000000000000e+00
0.000000000000000000e+00
0.000000000000000000e+00
0.000000000000000000e+00
0.000000000000000000e+00
0.000000000000000000e+00
0.000000000000000000e+00
0.000000000000000000e+00
0.000000000000000000e+00
0.000000000000000000e+00
0.000000000000000000e+00
0.000000000000000000e+00
0.000000000000000000e+00
0.000000000000000000e+00
0.000000000000000000e+00
0.000000000000000000e+00
0.000000000000000000e+00
0.000000000000000000e+00
