0.000000000000000000e+00
0.000000000000000000e+00
0.000000000000000000e+00
0.000000000000000000e+00
0.000000000000000000e+00
0.000000000000000000e+00
0.000000000000000000e+00
0.000000000000000000e+00
0.000000000000000000e+00
0.000000000000000000e+00
0.000000000000000000e+00
0.000000000000000000e+00
0.000000000000000000e+00
0.000000000000000000e+00
0.000000000000000000e+00
0.000000000000000000e+00
0.000000000000000000e+00
0.000000000000000000e+00
0.000000000000000000e+00
0.000000000000000000e+00
0.000000000000000000e+00
0.000000000000000000e+00
0.000000000000000000e+00
1.702503572839102910e-23
1.061352220420363366e-25
3.489532772720062767e-26
1.289630895637318963e-26
3.975259244126592233e-27
1.011357558202345767e-23
1.336326834188084945e-25
6.634562815637576428e-26
1.926929664433073826e-26
5.835648037366397097e-24
1.624498419529990425e-25
5.278225588402782270e-25
1.693729506470656547e-25
2.144688913200221177e-25
1.310047748033164865e-25
4.858881576613457031e-26
8.794026560500571681e-26
7.056531267532051142e-26
8.218732673882317708e-26
5.165134751263830012e-26
4.693645425471184468e-26
5.220858173778390732e-26
4.836969751162226678e-26
4.317611970192347793e-26
4.398709328514698141e-26
3.575956412951982268e-26
3.496754775688108833e-26
3.272431920489296965e-26
2.713279644790688695e-26
2.408800410847075244e-26
2.020233060564127611e-26
1.721620861380460822e-26
1.419348234712743602e-26
1.316504347400180234e-26
1.121032024381053854e-26
1.096403425714844194e-26
9.884428578963297362e-27
8.706919005284765520e-27
8.321027012609940072e-27
7.127745088010800988e-27
6.372729060311158598e-27
4.257154794289367009e-27
2.408160542826080600e-27
1.463838241185598320e-27
1.031055211608386462e-27
8.288716831163405638e-28
6.305065962185059090e-28
4.983387856822471331e-28
3.827030367529547392e-28
2.947566085967805031e-28
2.491194997078517999e-28
2.081047466370291204e-28
1.720944483828152344e-28
1.365695631278057316e-28
1.189295978860964879e-28
9.339012415573713820e-29
7.811933857943696645e-29
7.560113862236253045e-29
6.444521652769712421e-29
5.359176743233222775e-29
4.561670944826973258e-29
3.895260524480485440e-29
3.369996593289593637e-29
2.822732988278130882e-29
2.450518466346429990e-29
2.319052285301678473e-29
1.869369491027656983e-29
1.673151856656059048e-29
1.326707330110566016e-29
1.105241938262086699e-29
8.759341502669094044e-30
6.981155964015353241e-30
6.075865610556145595e-30
4.756030855380125584e-30
3.859569337367413231e-30
3.824482230803163898e-30
2.787808434061021476e-30
2.027783913349428215e-30
1.802661770767748497e-30
1.398521748130636321e-30
9.439212192348426921e-31
8.643392738080668055e-31
6.900061345913933181e-31
6.096622205177955939e-31
5.072944660595580659e-31
2.772528202173946006e-31
2.857979397661598621e-31
2.453049421948335175e-31
1.625563327617681178e-31
1.492608526715726999e-31
1.244160429886469271e-31
1.341135155549217783e-31
1.184974155960335605e-31
6.865550508649963080e-32
5.459516810982015175e-32
4.019844866936960675e-32
4.498916852237984654e-32
2.405960747929785704e-32
1.756105626429146671e-32
2.368270814231006624e-32
1.876044106687110560e-32
1.785106205150883144e-32
1.126606767249687544e-32
9.954253287391196086e-33
5.277111485001002712e-33
8.159633448524941666e-33
4.806353641793115935e-33
3.033360436744765124e-33
2.412141936469308378e-33
3.552122547607392987e-33
2.092343639066394617e-33
2.588197303033591443e-33
1.796794301049632367e-33
1.298926321274843868e-33
1.785280146058393768e-33
4.506866174511371643e-34
7.964178584160458635e-34
2.638812843601920392e-34
7.771836689146986949e-34
4.120133119883714456e-34
3.640387209252024857e-34
3.216502634223972916e-34
1.420987466637103209e-34
4.185095034894348528e-35
1.848892497924109716e-34
1.633608527792304858e-34
2.886784198980925964e-35
2.550648717711684251e-35
6.760957986939972820e-35
0.000000000000000000e+00
0.000000000000000000e+00
0.000000000000000000e+00
1.373511528825037299e-35
1.213580643597509028e-35
2.144544032932197085e-35
9.474172857416290911e-36
0.000000000000000000e+00
7.396290610846481220e-36
6.535070828555958105e-36
0.000000000000000000e+00
0.000000000000000000e+00
4.507744519491741198e-36
0.000000000000000000e+00
0.000000000000000000e+00
0.000000000000000000e+00
0.000000000000000000e+00
0.000000000000000000e+00
0.000000000000000000e+00
0.000000000000000000e+00
0.000000000000000000e+00
0.000000000000000000e+00
0.000000000000000000e+00
0.000000000000000000e+00
0.000000000000000000e+00
0.000000000000000000e+00
0.000000000000000000e+00
0.000000000000000000e+00
0.000000000000000000e+00
0.000000000000000000e+00
0.000000000000000000e+00
0.000000000000000000e+00
0.000000000000000000e+00
0.000000000000000000e+00
0.000000000000000000e+00
0.000000000000000000e+00
0.000000000000000000e+00
0.000000000000000000e+00
0.000000000000000000e+00
0.000000000000000000e+00
0.000000000000000000e+00
0.000000000000000000e+00
0.000000000000000000e+00
0.000000000000000000e+00
0.000000000000000000e+00
0.000000000000000000e+00
0.000000000000000000e+00
