0.000000000000000000e+00
0.000000000000000000e+00
0.000000000000000000e+00
0.000000000000000000e+00
0.000000000000000000e+00
0.000000000000000000e+00
0.000000000000000000e+00
0.000000000000000000e+00
0.000000000000000000e+00
0.000000000000000000e+00
0.000000000000000000e+00
0.000000000000000000e+00
0.000000000000000000e+00
0.000000000000000000e+00
0.000000000000000000e+00
0.000000000000000000e+00
0.000000000000000000e+00
0.000000000000000000e+00
0.000000000000000000e+00
0.000000000000000000e+00
0.000000000000000000e+00
0.000000000000000000e+00
0.000000000000000000e+00
0.000000000000000000e+00
0.000000000000000000e+00
0.000000000000000000e+00
0.000000000000000000e+00
0.000000000000000000e+00
0.000000000000000000e+00
0.000000000000000000e+00
0.000000000000000000e+00
0.000000000000000000e+00
0.000000000000000000e+00
0.000000000000000000e+00
0.000000000000000000e+00
0.000000000000000000e+00
0.000000000000000000e+00
0.000000000000000000e+00
0.000000000000000000e+00
0.000000000000000000e+00
0.000000000000000000e+00
0.000000000000000000e+00
0.000000000000000000e+00
0.000000000000000000e+00
0.000000000000000000e+00
0.000000000000000000e+00
0.000000000000000000e+00
0.000000000000000000e+00
0.000000000000000000e+00
0.000000000000000000e+00
0.000000000000000000e+00
0.000000000000000000e+00
0.000000000000000000e+00
0.000000000000000000e+00
0.000000000000000000e+00
0.000000000000000000e+00
0.000000000000000000e+00
0.000000000000000000e+00
0.000000000000000000e+00
0.000000000000000000e+00
0.000000000000000000e+00
0.000000000000000000e+00
0.000000000000000000e+00
0.000000000000000000e+00
0.000000000000000000e+00
0.000000000000000000e+00
2.779824441108685180e-27
2.542722043350198402e-27
2.209799422845534872e-27
1.836159461690284422e-27
1.495513479186442115e-27
1.193951637779394067e-27
9.496532777891999120e-28
8.076102794498990937e-28
6.199848702521429383e-28
4.734376111809165135e-28
4.097833821838160914e-28
3.236644945562007550e-28
2.514132698716401119e-28
2.025049037324540625e-28
1.634174243343194102e-28
1.310456457362966032e-28
1.047106609801152260e-28
8.166157680582924562e-29
6.711972239186891238e-29
5.211575018951806944e-29
4.222999151257377701e-29
3.423166658861343650e-29
2.695838396052760159e-29
2.178752320535026986e-29
1.715063155619988222e-29
1.335552045642236454e-29
1.067026502164096894e-29
8.363259012654831228e-30
6.630522662435549421e-30
5.090173851183033108e-30
4.055737107752676130e-30
3.199197301183421394e-30
2.469978107381853485e-30
1.957819883167455988e-30
1.542927605602998068e-30
1.229113192977670898e-30
9.634758980590820739e-31
7.623979078379331432e-31
6.084979592899086664e-31
4.776965547131079348e-31
3.813993428312445663e-31
2.993077579271445711e-31
2.395748728555445275e-31
1.854022532305981764e-31
1.412445877567809154e-31
1.109044462331457595e-31
9.293600260759712138e-32
7.082143985443393854e-32
5.445719042678327480e-32
4.552611931681517936e-32
3.727641846748413895e-32
2.858080381785682571e-32
2.429085744349861743e-32
1.797138175801558362e-32
1.405488775845419366e-32
1.130448561119827656e-32
8.773700010369289147e-33
5.975959038020304807e-33
5.100303443371443659e-33
4.217553538818878672e-33
3.356370018680688187e-33
2.886625085887649837e-33
2.022473247901189453e-33
1.769371945060048304e-33
1.345567578429737169e-33
9.758522933755991259e-34
8.318645966067873295e-34
5.311333852911368055e-34
5.640942840118935189e-34
3.769498533671122008e-34
3.515612550423323045e-34
2.256123261426521227e-34
2.282323255449187670e-34
1.608151444875906975e-34
1.420899223451894635e-34
8.568948144265008821e-35
7.219036662897168817e-35
6.534028324264703054e-35
5.635752478727997182e-35
4.129365287577610583e-35
3.219303872424920489e-35
1.422224998434064011e-35
1.926820315037890965e-35
2.146583120914775684e-35
9.156174891159804605e-36
8.090035197899442152e-36
8.169184219534332464e-36
4.962353788938899275e-36
2.790161940494033594e-36
4.226189318725981782e-36
2.489396190598059522e-36
3.024356970405011039e-36
1.457565054019008522e-36
4.292823415313312059e-37
1.137890864106226999e-36
8.378295932291825150e-37
2.961092805858598565e-37
3.924457315198685130e-37
2.311663854614206071e-37
1.021247528233564154e-37
1.804668116673546825e-37
0.000000000000000000e+00
7.044335198542921330e-38
0.000000000000000000e+00
0.000000000000000000e+00
1.457707079170930521e-37
4.293241708616305819e-38
0.000000000000000000e+00
3.351644925258275663e-38
2.961381334863079143e-38
0.000000000000000000e+00
0.000000000000000000e+00
2.042694077269162400e-38
0.000000000000000000e+00
0.000000000000000000e+00
0.000000000000000000e+00
0.000000000000000000e+00
0.000000000000000000e+00
0.000000000000000000e+00
0.000000000000000000e+00
0.000000000000000000e+00
0.000000000000000000e+00
0.000000000000000000e+00
0.000000000000000000e+00
0.000000000000000000e+00
0.000000000000000000e+00
0.000000000000000000e+00
0.000000000000000000e+00
0.000000000000000000e+00
0.000000000000000000e+00
0.000000000000000000e+00
0.000000000000000000e+00
0.000000000000000000e+00
