0.000000000000000000e+00
4.290941601618014554e-27
4.056698330033831663e-25
6.699698559971037292e-27
2.959794772914020019e-27
2.615157986393570589e-27
2.310650507388016091e-27
4.450687351684270657e-25
1.623489315724602962e-26
7.969173119507919160e-27
3.084066284118349076e-25
7.092360068962882019e-26
6.596347133133942799e-27
2.826712065103607247e-25
9.440991364516615626e-27
2.153672124537540142e-25
1.420474492321299994e-25
9.176257843858686844e-26
9.206253082383215608e-26
8.041847287294219043e-26
5.921216044882369663e-26
5.015266748756499926e-26
4.495051594740029118e-26
3.436463461835507555e-26
3.509193726258137278e-26
3.166555143105572869e-26
3.730457732015969200e-26
3.021411614432854320e-26
2.624095649786745809e-26
2.251537431826135971e-26
1.894637827881209466e-26
1.663564627579256041e-26
1.284972060972519726e-26
1.257870514891293132e-26
9.670665158248351790e-27
7.524365559499518816e-27
6.197505150940809577e-27
4.729161530676391949e-27
4.838263974452081051e-27
3.458782180097587703e-27
2.163266810420246145e-27
1.941716599694441127e-27
1.769237502784635405e-27
1.113208184362953501e-27
1.088223770063044298e-27
8.690585845904239367e-28
7.842034795922172343e-28
4.330570508175270308e-28
3.826321390163622788e-28
4.169636987919725126e-28
3.584555879017292815e-28
3.783011324526604129e-28
1.865592379671971826e-28
1.854409370766001632e-28
1.395744794209719283e-28
2.144739269526659596e-28
1.137004243827176803e-28
1.213906322781652196e-28
8.506508557861642302e-29
8.169582212619190638e-29
7.218320798572084647e-29
6.122710763323075836e-29
3.606523915692018793e-29
6.174003328164645261e-29
4.047336681396330664e-29
5.130878948442454730e-29
3.571803087168298968e-29
3.277285346284533790e-29
2.144948253009038733e-29
2.937547170048967190e-29
2.009420037291384788e-29
1.775444333719201088e-29
1.241897495070860477e-29
1.443804830409418601e-29
1.122606349426988847e-29
9.918907172708390319e-30
9.162316982964600788e-30
5.983602427724245878e-30
6.841838535330274320e-30
4.396493690840049953e-30
3.398997451218056805e-30
3.003220159596735612e-30
3.601215141325728336e-30
1.842147848990402868e-30
1.775617333087917790e-30
1.830343060904508529e-30
1.039640770664123152e-30
5.103253346526054760e-31
9.919873671430576861e-31
6.374406789222495405e-31
4.928152740156551872e-31
6.220459276688947912e-31
4.396922085365652431e-31
4.370565406717479327e-31
4.290732562131847680e-31
4.170234366594240632e-31
1.004905826155844593e-31
1.479825291094803292e-31
2.353527526638079676e-31
1.386322764404624140e-31
1.633200194477340192e-31
3.607578277937371766e-32
6.375027911681557604e-32
7.040904199373899335e-32
2.488426159398427908e-32
3.298012891225528138e-32
6.799319760784457643e-32
8.582301302577465025e-33
2.274894935128367720e-32
6.700024961472054915e-33
5.919877941327324092e-33
1.569171236304553423e-32
9.243052318344736151e-33
0.000000000000000000e+00
0.000000000000000000e+00
3.187824547331405113e-33
0.000000000000000000e+00
0.000000000000000000e+00
0.000000000000000000e+00
0.000000000000000000e+00
0.000000000000000000e+00
0.000000000000000000e+00
0.000000000000000000e+00
0.000000000000000000e+00
0.000000000000000000e+00
0.000000000000000000e+00
0.000000000000000000e+00
0.000000000000000000e+00
0.000000000000000000e+00
0.000000000000000000e+00
0.000000000000000000e+00
0.000000000000000000e+00
0.000000000000000000e+00
0.000000000000000000e+00
0.000000000000000000e+00
0.000000000000000000e+00
0.000000000000000000e+00
0.000000000000000000e+00
0.000000000000000000e+00
0.000000000000000000e+00
0.000000000000000000e+00
0.000000000000000000e+00
0.000000000000000000e+00
0.000000000000000000e+00
0.000000000000000000e+00
0.000000000000000000e+00
0.000000000000000000e+00
0.000000000000000000e+00
0.000000000000000000e+00
0.000000000000000000e+00
0.000000000000000000e+00
0.000000000000000000e+00
0.000000000000000000e+00
0.000000000000000000e+00
0.000000000000000000e+00
0.000000000000000000e+00
0.000000000000000000e+00
0.000000000000000000e+00
0.000000000000000000e+00
0.000000000000000000e+00
0.000000000000000000e+00
0.000000000000000000e+00
0.000000000000000000e+00
0.000000000000000000e+00
0.000000000000000000e+00
0.000000000000000000e+00
0.000000000000000000e+00
0.000000000000000000e+00
0.000000000000000000e+00
0.000000000000000000e+00
0.000000000000000000e+00
0.000000000000000000e+00
0.000000000000000000e+00
0.000000000000000000e+00
0.000000000000000000e+00
0.000000000000000000e+00
0.000000000000000000e+00
0.000000000000000000e+00
0.000000000000000000e+00
0.000000000000000000e+00
0.000000000000000000e+00
0.000000000000000000e+00
0.000000000000000000e+00
0.000000000000000000e+00
0.000000000000000000e+00
0.000000000000000000e+00
0.000000000000000000e+00
0.000000000000000000e+00
0.000000000000000000e+00
0.000000000000000000e+00
0.000000000000000000e+00
0.000000000000000000e+00
0.000000000000000000e+00
0.000000000000000000e+00
0.000000000000000000e+00
0.000000000000000000e+00
0.000000000000000000e+00
0.000000000000000000e+00
0.000000000000000000e+00
