0.000000000000000000e+00
0.000000000000000000e+00
0.000000000000000000e+00
0.000000000000000000e+00
0.000000000000000000e+00
0.000000000000000000e+00
0.000000000000000000e+00
0.000000000000000000e+00
0.000000000000000000e+00
0.000000000000000000e+00
0.000000000000000000e+00
0.000000000000000000e+00
0.000000000000000000e+00
0.000000000000000000e+00
0.000000000000000000e+00
0.000000000000000000e+00
0.000000000000000000e+00
0.000000000000000000e+00
0.000000000000000000e+00
0.000000000000000000e+00
0.000000000000000000e+00
0.000000000000000000e+00
0.000000000000000000e+00
0.000000000000000000e+00
0.000000000000000000e+00
0.000000000000000000e+00
0.000000000000000000e+00
0.000000000000000000e+00
0.000000000000000000e+00
1.340200852277377041e-28
0.000000000000000000e+00
4.185068245482140320e-28
0.000000000000000000e+00
4.083995178218225999e-28
2.165074289159942066e-28
1.275316196525262533e-28
2.817047795882004196e-28
5.475871246045993947e-28
1.187573884638162925e-27
8.161171436184839081e-28
1.476515442032773220e-27
1.061876265457822477e-27
2.466209852366311404e-27
3.837015443974255250e-27
7.889622332956341050e-27
1.048417483963330821e-26
1.248190538350945434e-26
1.599424041019399687e-26
1.525426794211897656e-26
1.357949343363045578e-26
1.185890569974856130e-26
1.051325240187416418e-26
8.846017200271278691e-27
7.802255722920715582e-27
6.911970959146410685e-27
5.978460713801066873e-27
4.960181013692326981e-27
4.286345084577505880e-27
3.676291089786135445e-27
3.231886723309720949e-27
2.748736560094182050e-27
2.433777528419091591e-27
2.100800180889020479e-27
1.850209384471174302e-27
1.446482935697948092e-27
1.313815973160791720e-27
1.218534360890729795e-27
1.029310360610071847e-27
9.287625935522150292e-28
8.234608034743975393e-28
7.074833047958094959e-28
6.140078320774307084e-28
5.176751663659903127e-28
4.498895851552363974e-28
3.888300173921463319e-28
3.259713584483077620e-28
2.900072505910091714e-28
2.449757229231142311e-28
1.996572881672150713e-28
1.640441708393459519e-28
1.340176137907825556e-28
9.846271808956176000e-29
8.680823866978644808e-29
6.899681034395226472e-29
4.927338099315264881e-29
3.974459217961085372e-29
3.303747337885727912e-29
2.306670512628041552e-29
2.137281872842980042e-29
1.545793646385292246e-29
1.182756657636682765e-29
1.069918995589694121e-29
7.419806019048956098e-30
6.847219137185565680e-30
5.878303610116208534e-30
3.184542607215024090e-30
3.249195504568119721e-30
2.811668053078010972e-30
1.673619574496930925e-30
1.871535731944834602e-30
8.370150996690071507e-31
8.838566780939911968e-31
7.650033494012114167e-31
5.914359527469626100e-31
3.359375315185350412e-31
3.737747943386120243e-31
3.108260462070556506e-31
3.432920521028403570e-31
2.350724766297544746e-31
2.479009235742795168e-31
1.243174367677802809e-31
8.891970339052447511e-32
1.062951016608844980e-31
8.575136501242571176e-32
5.772687680816097506e-32
4.462954366260609653e-32
2.253308884916046327e-32
2.488668631743617190e-32
2.418778449805276785e-32
1.554281665548749886e-32
1.716627512472465706e-32
1.213395520523986030e-32
1.206122006191305216e-32
1.065681859405058034e-32
5.231080454710073111e-33
4.621976480867297513e-33
8.167592440852421588e-34
6.494906443208122458e-33
1.275254067633471086e-33
2.816910559282794410e-33
9.955644510868767627e-34
8.796415038824207690e-34
3.886082787045156669e-34
1.373435824582121441e-33
9.101353153749642828e-34
8.041596871794083477e-34
7.105237996594166499e-34
4.185272137123356323e-34
1.848970738578083226e-34
3.267355316557976401e-34
4.330359538105598709e-34
2.550756656884281036e-34
2.253748031330603600e-34
1.991322917855738646e-34
1.759454432373302026e-34
0.000000000000000000e+00
0.000000000000000000e+00
0.000000000000000000e+00
5.361586963548621467e-35
0.000000000000000000e+00
0.000000000000000000e+00
0.000000000000000000e+00
3.267673687794066248e-35
0.000000000000000000e+00
0.000000000000000000e+00
0.000000000000000000e+00
0.000000000000000000e+00
0.000000000000000000e+00
0.000000000000000000e+00
0.000000000000000000e+00
0.000000000000000000e+00
0.000000000000000000e+00
0.000000000000000000e+00
0.000000000000000000e+00
0.000000000000000000e+00
0.000000000000000000e+00
0.000000000000000000e+00
0.000000000000000000e+00
0.000000000000000000e+00
0.000000000000000000e+00
0.000000000000000000e+00
0.000000000000000000e+00
0.000000000000000000e+00
0.000000000000000000e+00
0.000000000000000000e+00
0.000000000000000000e+00
0.000000000000000000e+00
0.000000000000000000e+00
0.000000000000000000e+00
0.000000000000000000e+00
0.000000000000000000e+00
0.000000000000000000e+00
0.000000000000000000e+00
0.000000000000000000e+00
0.000000000000000000e+00
0.000000000000000000e+00
0.000000000000000000e+00
0.000000000000000000e+00
0.000000000000000000e+00
0.000000000000000000e+00
0.000000000000000000e+00
0.000000000000000000e+00
0.000000000000000000e+00
0.000000000000000000e+00
0.000000000000000000e+00
0.000000000000000000e+00
0.000000000000000000e+00
0.000000000000000000e+00
0.000000000000000000e+00
