0.000000000000000000e+00
0.000000000000000000e+00
2.691827863854221315e-25
6.699698559971114778e-27
2.959794772914054816e-27
0.000000000000000000e+00
1.686774870393243189e-24
2.756159598520151924e-25
7.215508069887463876e-27
1.593834623901658843e-27
2.168704144996632001e-25
4.354957937082881231e-26
2.281236716875703054e-24
1.981612581722257338e-25
6.866175537830266562e-27
4.408961173259605000e-24
1.018453409588090358e-25
2.356226207647102904e-25
6.067757713384379441e-26
1.234007600980425819e-25
3.879417408713116392e-26
6.494590034356049640e-26
6.216560716125151049e-26
3.915314927826034493e-26
3.583857422558805845e-26
4.068143760236737753e-26
2.992137972552224232e-26
2.884074722865554782e-26
2.790945662198832592e-26
2.023703286937444888e-26
1.870954855031286836e-26
1.674027298191702660e-26
1.802658646686711119e-26
1.649934051999026208e-26
1.551636573896888920e-26
1.575015502707612844e-26
1.216964647820188990e-26
1.015525212902376968e-26
9.192701551452038425e-27
8.627524089675133378e-27
7.451252346997464541e-27
7.160079961367864236e-27
6.406784290381965378e-27
5.116020591962065297e-27
4.290112939668389587e-27
3.513215554724602370e-27
2.548661308672788564e-27
2.526166129767007160e-27
1.683581411670727468e-27
1.431199722879477398e-27
1.364122653958332400e-27
1.090914893583595274e-27
8.084233645239129760e-28
5.563228112293819610e-28
6.432562964613866767e-28
4.128623093835713760e-28
4.263765914348705216e-28
3.181271742459867533e-28
2.182104369188953545e-28
1.829986415625322005e-28
1.328171026936264389e-28
1.020451793886411619e-28
9.467125278684427093e-29
8.563940100350968559e-29
6.334961762180794578e-29
4.664435407671450300e-29
3.571803087165611838e-29
3.762809101286819201e-29
2.573937903608909885e-29
1.989951308741351821e-29
1.590790862854482774e-29
1.923398028194354198e-29
1.437986573238862011e-29
1.039539477893999379e-29
1.020551226751040195e-29
1.397664192516949015e-29
1.195084823864048862e-29
8.447438721486698445e-30
6.530845874628530016e-30
7.144302247609705881e-30
8.011922563579391726e-30
4.290314513706394612e-30
4.169828058374021655e-30
4.186699656793220450e-30
4.882947665988100156e-30
2.876253381419206741e-30
2.425828464881129004e-30
2.653691740191552256e-30
2.074155404024833061e-30
1.274881357843539892e-30
1.267239276039302862e-30
1.057478077036325593e-30
4.946537346032638099e-31
9.226749191952180952e-31
6.436098843192928720e-31
3.791122151446457187e-31
4.354591913338716971e-31
2.959650582187379832e-31
2.353527526636308785e-31
2.541591734739898480e-31
2.653950316023681071e-31
1.623410225070596058e-31
7.968784889595952622e-32
1.689817007848464600e-31
6.221065398491389651e-32
3.298012891223047402e-32
2.913994183191146724e-32
1.716460260514201730e-32
3.791491558544426850e-32
1.340004992293402705e-32
2.367951176529148455e-32
2.615285393838954989e-32
1.386457847750667317e-32
4.083398333925033828e-33
0.000000000000000000e+00
9.563473641987020685e-33
8.449908318435173042e-33
2.488668631743616916e-33
2.198889499822979020e-33
9.714260409679688154e-33
5.149882537417397255e-33
0.000000000000000000e+00
1.340135562434783630e-33
1.184090954894508851e-33
1.046216090942014656e-33
1.848790592346919005e-33
2.450277732255726476e-33
1.443312542935138305e-33
1.275254067633471086e-33
0.000000000000000000e+00
0.000000000000000000e+00
0.000000000000000000e+00
3.886082787045156669e-34
0.000000000000000000e+00
0.000000000000000000e+00
0.000000000000000000e+00
0.000000000000000000e+00
2.092636068561678161e-34
0.000000000000000000e+00
0.000000000000000000e+00
0.000000000000000000e+00
0.000000000000000000e+00
0.000000000000000000e+00
0.000000000000000000e+00
0.000000000000000000e+00
0.000000000000000000e+00
0.000000000000000000e+00
0.000000000000000000e+00
0.000000000000000000e+00
0.000000000000000000e+00
0.000000000000000000e+00
0.000000000000000000e+00
0.000000000000000000e+00
0.000000000000000000e+00
0.000000000000000000e+00
0.000000000000000000e+00
0.000000000000000000e+00
0.000000000000000000e+00
0.000000000000000000e+00
0.000000000000000000e+00
0.000000000000000000e+00
0.000000000000000000e+00
0.000000000000000000e+00
0.000000000000000000e+00
0.000000000000000000e+00
0.000000000000000000e+00
0.000000000000000000e+00
0.000000000000000000e+00
0.000000000000000000e+00
0.000000000000000000e+00
0.000000000000000000e+00
0.000000000000000000e+00
0.000000000000000000e+00
0.000000000000000000e+00
0.000000000000000000e+00
0.000000000000000000e+00
0.000000000000000000e+00
0.000000000000000000e+00
0.000000000000000000e+00
0.000000000000000000e+00
0.000000000000000000e+00
0.000000000000000000e+00
0.000000000000000000e+00
0.000000000000000000e+00
0.000000000000000000e+00
0.000000000000000000e+00
0.000000000000000000e+00
0.000000000000000000e+00
0.000000000000000000e+00
0.000000000000000000e+00
0.000000000000000000e+00
0.000000000000000000e+00
0.000000000000000000e+00
0.000000000000000000e+00
0.000000000000000000e+00
0.000000000000000000e+00
0.000000000000000000e+00
0.000000000000000000e+00
0.000000000000000000e+00
