0.000000000000000000e+00
0.000000000000000000e+00
0.000000000000000000e+00
0.000000000000000000e+00
0.000000000000000000e+00
0.000000000000000000e+00
0.000000000000000000e+00
0.000000000000000000e+00
0.000000000000000000e+00
0.000000000000000000e+00
0.000000000000000000e+00
0.000000000000000000e+00
0.000000000000000000e+00
0.000000000000000000e+00
0.000000000000000000e+00
0.000000000000000000e+00
0.000000000000000000e+00
0.000000000000000000e+00
0.000000000000000000e+00
0.000000000000000000e+00
0.000000000000000000e+00
0.000000000000000000e+00
0.000000000000000000e+00
3.306275719516488405e-25
5.875099602866584718e-26
4.504507153437827296e-27
3.218005530544843087e-28
2.414125047043094303e-29
8.136308133770897256e-27
1.589394448247602355e-26
1.794725286183983117e-28
3.269584566780668837e-30
5.834085155454481840e-27
4.211620027555382185e-29
2.125606789107060576e-27
4.184631269868417910e-29
9.269847903368019289e-28
4.760274435505733553e-28
1.044625176306497061e-28
2.878270283311050688e-28
1.695417440714368018e-28
1.341566888955363354e-28
1.382216799057069509e-28
6.846526399869797959e-29
7.095689846896867036e-29
4.304844717571143731e-29
2.884602643044307590e-29
3.270482935877397695e-29
2.610667198508644633e-29
2.130599981167618025e-29
1.695818536521876924e-29
1.484612002364649602e-29
1.311744641962885941e-29
1.019495892497864205e-29
8.249306867989201348e-30
6.618531339584738598e-30
5.477754820546837401e-30
5.363163710593733148e-30
3.293960514949487847e-30
2.246635108482108686e-30
1.985038219616690860e-30
1.634317326155562306e-30
1.796217965832208666e-30
1.462591514240628962e-30
8.523603065482219882e-31
7.774059012832538337e-31
6.654200462906092009e-31
3.982812052795034912e-31
4.189352056678323583e-31
2.813175213269136196e-31
3.139718808281173758e-31
2.774131771448078222e-31
1.838335107839919161e-31
1.443804830414849798e-31
1.195958468853194020e-31
9.862549745625708326e-32
6.846840136754828293e-32
7.149524959614776625e-32
9.718520646944119131e-33
4.293450869973260371e-32
3.793523941111558986e-32
3.351808213812947567e-33
1.184610243863385843e-32
1.308343642752606011e-32
2.312001735831564709e-33
1.634234875811285397e-32
3.609863787047215971e-33
1.594766670778594246e-33
0.000000000000000000e+00
1.245001326011588948e-33
0.000000000000000000e+00
0.000000000000000000e+00
0.000000000000000000e+00
1.517557432896005416e-33
1.340853925673263562e-33
5.923628361599438009e-34
0.000000000000000000e+00
0.000000000000000000e+00
4.085985289372922060e-34
0.000000000000000000e+00
0.000000000000000000e+00
0.000000000000000000e+00
0.000000000000000000e+00
0.000000000000000000e+00
0.000000000000000000e+00
0.000000000000000000e+00
0.000000000000000000e+00
0.000000000000000000e+00
0.000000000000000000e+00
0.000000000000000000e+00
0.000000000000000000e+00
0.000000000000000000e+00
0.000000000000000000e+00
0.000000000000000000e+00
0.000000000000000000e+00
0.000000000000000000e+00
0.000000000000000000e+00
0.000000000000000000e+00
0.000000000000000000e+00
0.000000000000000000e+00
0.000000000000000000e+00
0.000000000000000000e+00
0.000000000000000000e+00
0.000000000000000000e+00
0.000000000000000000e+00
0.000000000000000000e+00
0.000000000000000000e+00
0.000000000000000000e+00
0.000000000000000000e+00
0.000000000000000000e+00
0.000000000000000000e+00
0.000000000000000000e+00
0.000000000000000000e+00
0.000000000000000000e+00
0.000000000000000000e+00
0.000000000000000000e+00
0.000000000000000000e+00
0.000000000000000000e+00
0.000000000000000000e+00
0.000000000000000000e+00
0.000000000000000000e+00
0.000000000000000000e+00
0.000000000000000000e+00
0.000000000000000000e+00
0.000000000000000000e+00
0.000000000000000000e+00
0.000000000000000000e+00
0.000000000000000000e+00
0.000000000000000000e+00
0.000000000000000000e+00
0.000000000000000000e+00
0.000000000000000000e+00
0.000000000000000000e+00
0.000000000000000000e+00
0.000000000000000000e+00
0.000000000000000000e+00
0.000000000000000000e+00
0.000000000000000000e+00
0.000000000000000000e+00
0.000000000000000000e+00
0.000000000000000000e+00
0.000000000000000000e+00
0.000000000000000000e+00
0.000000000000000000e+00
0.000000000000000000e+00
0.000000000000000000e+00
0.000000000000000000e+00
0.000000000000000000e+00
0.000000000000000000e+00
0.000000000000000000e+00
0.000000000000000000e+00
0.000000000000000000e+00
0.000000000000000000e+00
0.000000000000000000e+00
0.000000000000000000e+00
0.000000000000000000e+00
0.000000000000000000e+00
0.000000000000000000e+00
0.000000000000000000e+00
0.000000000000000000e+00
0.000000000000000000e+00
0.000000000000000000e+00
0.000000000000000000e+00
0.000000000000000000e+00
0.000000000000000000e+00
0.000000000000000000e+00
0.000000000000000000e+00
0.000000000000000000e+00
0.000000000000000000e+00
0.000000000000000000e+00
0.000000000000000000e+00
0.000000000000000000e+00
0.000000000000000000e+00
0.000000000000000000e+00
0.000000000000000000e+00
0.000000000000000000e+00
0.000000000000000000e+00
0.000000000000000000e+00
0.000000000000000000e+00
