0.000000000000000000e+00
0.000000000000000000e+00
0.000000000000000000e+00
0.000000000000000000e+00
0.000000000000000000e+00
0.000000000000000000e+00
0.000000000000000000e+00
0.000000000000000000e+00
0.000000000000000000e+00
0.000000000000000000e+00
0.000000000000000000e+00
0.000000000000000000e+00
0.000000000000000000e+00
0.000000000000000000e+00
0.000000000000000000e+00
0.000000000000000000e+00
0.000000000000000000e+00
0.000000000000000000e+00
1.206849547358318842e-25
1.770708472380994105e-26
5.742558664214839009e-28
1.183909641679997063e-28
4.981218522536178369e-30
4.803918889077418082e-25
8.239449985806117346e-26
1.377808824201862654e-27
1.001831910453301741e-28
5.271107922158040997e-26
2.810569498886891906e-25
1.430245597039143328e-27
3.282682064672815089e-26
1.772441793651877541e-26
1.633818286743859493e-25
1.412807081964485547e-26
2.196648289211364657e-26
7.333068130021054212e-27
1.033328344627184205e-26
7.610994338431643574e-27
4.893931500293526231e-27
5.790545447577616441e-27
4.501440609976398845e-27
4.161227615263308939e-27
2.985588285950395700e-27
2.474001566645464056e-27
2.473027756308090447e-27
2.065747632922459729e-27
1.848953711814808852e-27
1.728844945063182048e-27
1.446030625367649326e-27
1.367457806090180827e-27
1.275753394442958727e-27
1.067133608732456771e-27
9.308528644408699696e-28
7.798607000787619091e-28
6.688575936385002000e-28
5.389495203465043829e-28
4.826346139165339700e-28
4.053766911971033654e-28
3.756270762654838428e-28
3.365357272722302486e-28
2.912141297183749404e-28
2.704994481774436681e-28
2.311838181902922308e-28
2.049495258036278129e-28
1.403644956426418809e-28
8.410560094485100766e-29
5.499374705132991651e-29
4.248332856301249385e-29
3.287803494069136415e-29
2.555547588462168295e-29
1.942701012617027812e-29
1.597437545052690392e-29
1.345048520566389612e-29
1.035929965818869234e-29
8.571035693424472997e-30
6.861516751574935775e-30
5.931853318455258386e-30
4.806680626682655947e-30
4.217837960699814966e-30
3.168566742035387365e-30
2.822381812186999614e-30
2.346265749697467026e-30
1.969414530422272949e-30
1.844764536285836045e-30
1.412633060576221259e-30
1.282874377515424391e-30
1.072129544753153508e-30
9.568600024789813964e-31
7.820354954080405265e-31
6.760357200323253551e-31
6.149190584290355886e-31
5.073562097574971910e-31
4.242342793324564323e-31
3.938061538365225235e-31
2.990104254251538917e-31
2.239131520711397551e-31
1.910367846608095797e-31
1.563065463727451409e-31
1.491384630602918876e-31
1.213032418860434101e-31
9.314344859179167724e-32
8.145235330698027990e-32
6.350125458935293245e-32
5.412695103297719396e-32
4.432509096450856596e-32
3.383898643619633567e-32
2.747046599794773589e-32
2.091935942514919463e-32
1.741716434716400765e-32
1.434224093322538688e-32
1.017479021171214893e-32
8.254494524356832912e-33
5.488062314042611069e-33
4.593823125693311503e-33
3.889799316200356097e-33
3.436873340106772376e-33
3.036685801957505988e-33
2.177585052788770671e-33
1.992743609225741035e-33
1.487496125240789375e-33
8.851360611262024159e-34
9.479652504150693485e-34
4.816112177511346110e-34
5.920454774508177125e-34
5.067609190532850447e-34
3.466482360671336094e-34
3.573321692900585372e-34
2.706211018019671829e-34
1.693696808584698173e-34
1.496483734626931632e-34
1.555569454836352180e-34
4.810539474328035990e-35
5.464803919366304137e-35
9.656970641638245721e-35
5.214316911016664973e-35
6.701330726535401227e-35
3.330580310919106184e-35
2.942769471428635210e-35
3.755721812769768261e-35
1.276310670547358855e-35
1.353237355649855148e-35
1.992778638217230694e-35
5.282221948399310988e-36
1.089004720710783798e-35
8.247442651832582332e-36
6.072596011074748955e-36
2.146202581692393243e-36
4.740749994749779043e-36
3.350991852278392460e-36
1.480402152340270290e-36
1.308024984433406627e-36
5.778596569848679216e-37
1.021148027478666356e-36
0.000000000000000000e+00
0.000000000000000000e+00
3.521824432215128498e-37
0.000000000000000000e+00
8.248246282850549453e-37
2.429275090031681009e-37
0.000000000000000000e+00
0.000000000000000000e+00
3.351318372981274321e-37
0.000000000000000000e+00
0.000000000000000000e+00
1.155831927418405728e-37
0.000000000000000000e+00
0.000000000000000000e+00
0.000000000000000000e+00
0.000000000000000000e+00
0.000000000000000000e+00
0.000000000000000000e+00
0.000000000000000000e+00
0.000000000000000000e+00
0.000000000000000000e+00
0.000000000000000000e+00
0.000000000000000000e+00
0.000000000000000000e+00
0.000000000000000000e+00
0.000000000000000000e+00
0.000000000000000000e+00
0.000000000000000000e+00
0.000000000000000000e+00
0.000000000000000000e+00
0.000000000000000000e+00
0.000000000000000000e+00
0.000000000000000000e+00
0.000000000000000000e+00
0.000000000000000000e+00
0.000000000000000000e+00
0.000000000000000000e+00
0.000000000000000000e+00
0.000000000000000000e+00
0.000000000000000000e+00
0.000000000000000000e+00
0.000000000000000000e+00
0.000000000000000000e+00
0.000000000000000000e+00
0.000000000000000000e+00
0.000000000000000000e+00
