0.000000000000000000e+00
0.000000000000000000e+00
0.000000000000000000e+00
0.000000000000000000e+00
0.000000000000000000e+00
0.000000000000000000e+00
1.654425763289817168e-24
1.633279762085911545e-26
3.607754034943392577e-27
3.187669247803017785e-27
0.000000000000000000e+00
0.000000000000000000e+00
2.292230628764248165e-24
3.885514866122073339e-27
2.574815826686349781e-27
4.285352526675667580e-24
1.675087844717253848e-26
1.894453232279077848e-25
1.621555940645825520e-26
7.117497024381482096e-26
5.308676454028475350e-27
3.896754020613629440e-26
2.996701063157765042e-26
2.450592796552985626e-26
1.866592407582711473e-26
2.484866188685142597e-26
1.146338573899878044e-26
1.836880924682228248e-26
1.698836490034072037e-26
1.420612903413040660e-26
1.231514588121859633e-26
1.297371156098569583e-26
1.349682884185947687e-26
1.331382428098224096e-26
1.342346059278238766e-26
1.307199101437492345e-26
1.093014544801465983e-26
8.462710107519807831e-27
7.213411743723130664e-27
6.645525312317332118e-27
6.043412041804394671e-27
5.825149799078940748e-27
5.227292621859762373e-27
3.908071285526577538e-27
3.222816549799668401e-27
2.829063051962442931e-27
2.270922576317420688e-27
2.035368138840845679e-27
1.607054983867512616e-27
1.250891096374976314e-27
1.194851959671532045e-27
9.413539807535862862e-28
6.762772376305810679e-28
5.700591769387494622e-28
5.461610064294792420e-28
3.431582831240073915e-28
3.742638969261641404e-28
2.302236129411746406e-28
2.071149909738667825e-28
1.339811482868539433e-28
1.097184761382131432e-28
9.439179093449307081e-29
8.340086555031518865e-29
6.771487521207742738e-29
5.103163641756751499e-29
3.576067145881445267e-29
3.022294919909363733e-29
1.942095020019003422e-29
1.823206015056311402e-29
1.895191722610811324e-29
1.507065027967404940e-29
1.553513792003132409e-29
9.804453908446786183e-30
1.155043864326665992e-29
1.377744156113904229e-29
7.664610087996171567e-30
8.763955375003024427e-30
9.151391948277257000e-30
4.664889910448950212e-30
8.792987381673484376e-30
3.641782983445178567e-30
4.719345965077034494e-30
6.065204448544031689e-30
4.689103615608406932e-30
3.699202777263712154e-30
3.268469751612735124e-30
1.501703335402603644e-30
1.633041070887108865e-30
1.533071385583572103e-30
1.115521188113097537e-30
9.152283660283853810e-31
5.598413349015841168e-31
9.343459431394981714e-31
3.884947028190392325e-31
3.861659305915757320e-31
4.170234366591102599e-31
3.349686087183628641e-31
3.551580698624856061e-31
1.830521409606018090e-31
1.848430352538108065e-31
1.429050170166597500e-31
9.018945694836644887e-32
4.781270933757571354e-32
5.632723359494881635e-32
1.244213079698277930e-32
4.397350521630729504e-32
1.942662788794097816e-32
1.716460260514201730e-32
3.791491558544426850e-32
2.010007488440104057e-32
1.183975588264574228e-32
5.230570787677909979e-33
4.621526159168890830e-33
1.633359333570013531e-32
0.000000000000000000e+00
9.563473641987020685e-33
5.633272212290115817e-33
4.977337263487233832e-33
6.596668499468937059e-33
3.885704163871874714e-33
0.000000000000000000e+00
1.516744400654982538e-33
2.680271124869567261e-33
0.000000000000000000e+00
3.138648272826044140e-33
1.848790592346919005e-33
1.633518488170484318e-33
1.443312542935138305e-33
0.000000000000000000e+00
0.000000000000000000e+00
0.000000000000000000e+00
0.000000000000000000e+00
3.886082787045156669e-34
0.000000000000000000e+00
0.000000000000000000e+00
0.000000000000000000e+00
2.368412665531388548e-34
0.000000000000000000e+00
0.000000000000000000e+00
0.000000000000000000e+00
0.000000000000000000e+00
0.000000000000000000e+00
0.000000000000000000e+00
0.000000000000000000e+00
0.000000000000000000e+00
0.000000000000000000e+00
0.000000000000000000e+00
0.000000000000000000e+00
0.000000000000000000e+00
0.000000000000000000e+00
0.000000000000000000e+00
0.000000000000000000e+00
0.000000000000000000e+00
0.000000000000000000e+00
0.000000000000000000e+00
0.000000000000000000e+00
0.000000000000000000e+00
0.000000000000000000e+00
0.000000000000000000e+00
0.000000000000000000e+00
0.000000000000000000e+00
0.000000000000000000e+00
0.000000000000000000e+00
0.000000000000000000e+00
0.000000000000000000e+00
0.000000000000000000e+00
0.000000000000000000e+00
0.000000000000000000e+00
0.000000000000000000e+00
0.000000000000000000e+00
0.000000000000000000e+00
0.000000000000000000e+00
0.000000000000000000e+00
0.000000000000000000e+00
0.000000000000000000e+00
0.000000000000000000e+00
0.000000000000000000e+00
0.000000000000000000e+00
0.000000000000000000e+00
0.000000000000000000e+00
0.000000000000000000e+00
0.000000000000000000e+00
0.000000000000000000e+00
0.000000000000000000e+00
0.000000000000000000e+00
0.000000000000000000e+00
0.000000000000000000e+00
0.000000000000000000e+00
0.000000000000000000e+00
0.000000000000000000e+00
0.000000000000000000e+00
0.000000000000000000e+00
0.000000000000000000e+00
0.000000000000000000e+00
0.000000000000000000e+00
0.000000000000000000e+00
0.000000000000000000e+00
0.000000000000000000e+00
0.000000000000000000e+00
