0.000000000000000000e+00
0.000000000000000000e+00
0.000000000000000000e+00
0.000000000000000000e+00
0.000000000000000000e+00
0.000000000000000000e+00
0.000000000000000000e+00
0.000000000000000000e+00
0.000000000000000000e+00
0.000000000000000000e+00
0.000000000000000000e+00
0.000000000000000000e+00
0.000000000000000000e+00
0.000000000000000000e+00
0.000000000000000000e+00
0.000000000000000000e+00
0.000000000000000000e+00
0.000000000000000000e+00
0.000000000000000000e+00
0.000000000000000000e+00
0.000000000000000000e+00
0.000000000000000000e+00
0.000000000000000000e+00
0.000000000000000000e+00
0.000000000000000000e+00
0.000000000000000000e+00
0.000000000000000000e+00
0.000000000000000000e+00
0.000000000000000000e+00
0.000000000000000000e+00
0.000000000000000000e+00
0.000000000000000000e+00
0.000000000000000000e+00
0.000000000000000000e+00
0.000000000000000000e+00
0.000000000000000000e+00
0.000000000000000000e+00
0.000000000000000000e+00
0.000000000000000000e+00
0.000000000000000000e+00
0.000000000000000000e+00
0.000000000000000000e+00
0.000000000000000000e+00
0.000000000000000000e+00
0.000000000000000000e+00
2.889157528558407590e-31
1.531647421078452421e-30
0.000000000000000000e+00
3.188601158469482048e-30
1.760826430709229425e-31
3.578332691727100497e-30
5.223634823110551845e-30
5.951434023692749713e-30
6.009659997852359563e-30
8.438946106294734587e-30
1.038858083676926955e-29
1.051136735829719902e-29
2.236831693918591506e-29
2.461802069055067496e-29
4.033731217480724425e-29
6.830336055648834898e-29
1.066691015797692092e-28
1.344698077158504023e-28
1.974498544212459881e-28
1.960703659987467485e-28
2.036803461349867442e-28
1.794702260324019081e-28
1.684160525172729497e-28
1.480014294578988946e-28
1.283992392075621926e-28
1.149267905442709272e-28
1.046887977244967265e-28
8.926138245815094375e-29
7.859712545535370931e-29
6.831314774064775461e-29
5.892873472986022768e-29
5.118324222233032023e-29
4.464603355550379651e-29
3.843674915797941338e-29
3.381521905178728850e-29
2.960466083625642826e-29
2.684798379280333673e-29
2.465173917464869100e-29
2.285153006423447946e-29
2.177674434951665289e-29
2.152491610801491405e-29
2.086681762090083234e-29
1.957735565059584930e-29
1.755564006708251060e-29
1.485037581676532041e-29
1.201457237237716683e-29
9.673786122010318234e-30
7.777914712329439349e-30
6.026220565993777796e-30
4.638684155838740768e-30
3.621706380303686345e-30
2.916843838105353385e-30
2.247484660848552625e-30
1.769640228798994614e-30
1.439392932737073108e-30
1.118040367514297480e-30
8.804745734626273089e-31
6.843194023945619602e-31
5.601919403626855467e-31
4.341137198385884690e-31
3.526468992542174922e-31
2.692409208844338240e-31
2.171054032634735698e-31
1.697877313560669027e-31
1.299176715184456871e-31
1.035053658803176150e-31
8.164594088891037205e-32
6.650664988428938959e-32
5.148910086683635392e-32
4.335153150925336098e-32
3.212729426605104827e-32
2.838641075724183390e-32
2.193139231724155933e-32
1.875927604536437533e-32
1.250711027746332980e-32
1.156041340430563163e-32
7.962908103438658325e-33
6.763496666663678335e-33
4.958380873620310765e-33
3.956004593875083381e-33
3.249827213109731667e-33
2.641705680088281955e-33
2.289003486060992395e-33
1.683733886172257188e-33
1.461272352628055568e-33
1.104454312924597562e-33
8.177917106403984045e-34
6.800644877329023316e-34
4.828485320798457899e-34
3.744827599720190645e-34
3.853265167733656333e-34
2.405419113430093986e-34
2.354215577131888252e-34
2.080092080900343843e-34
1.710256298511583928e-34
1.060035928598902216e-34
9.565337463316054419e-35
7.042962597899658775e-35
5.756167809429552763e-35
4.673550835989929032e-35
3.522105686446744988e-35
2.682753227001822161e-35
1.137779998749077268e-35
1.926820315021756554e-35
1.776482582822580007e-35
1.046419987553023137e-35
6.934315883846237203e-36
7.148036192055665941e-36
6.766846075809974302e-36
2.790161940474841807e-36
2.465277102550589823e-36
3.111745238202627270e-36
1.924590799331795039e-36
1.700492563033873184e-36
1.717129366135659403e-36
7.585939093889325550e-37
6.702636745962548641e-37
4.441639208431469847e-37
3.924457315324655872e-37
1.155831927307103035e-37
3.063742584454835902e-37
1.804668116673546825e-37
7.972668039855740378e-38
0.000000000000000000e+00
6.224096893512658867e-38
0.000000000000000000e+00
0.000000000000000000e+00
1.287972512481535673e-37
0.000000000000000000e+00
0.000000000000000000e+00
0.000000000000000000e+00
5.233119619475282275e-38
0.000000000000000000e+00
2.042694077072458141e-38
0.000000000000000000e+00
0.000000000000000000e+00
0.000000000000000000e+00
0.000000000000000000e+00
0.000000000000000000e+00
0.000000000000000000e+00
0.000000000000000000e+00
0.000000000000000000e+00
0.000000000000000000e+00
0.000000000000000000e+00
0.000000000000000000e+00
0.000000000000000000e+00
0.000000000000000000e+00
0.000000000000000000e+00
0.000000000000000000e+00
0.000000000000000000e+00
0.000000000000000000e+00
0.000000000000000000e+00
0.000000000000000000e+00
0.000000000000000000e+00