0.000000000000000000e+00
0.000000000000000000e+00
0.000000000000000000e+00
0.000000000000000000e+00
0.000000000000000000e+00
0.000000000000000000e+00
0.000000000000000000e+00
0.000000000000000000e+00
0.000000000000000000e+00
0.000000000000000000e+00
0.000000000000000000e+00
0.000000000000000000e+00
0.000000000000000000e+00
0.000000000000000000e+00
0.000000000000000000e+00
0.000000000000000000e+00
0.000000000000000000e+00
0.000000000000000000e+00
0.000000000000000000e+00
0.000000000000000000e+00
0.000000000000000000e+00
0.000000000000000000e+00
0.000000000000000000e+00
0.000000000000000000e+00
0.000000000000000000e+00
0.000000000000000000e+00
0.000000000000000000e+00
0.000000000000000000e+00
0.000000000000000000e+00
0.000000000000000000e+00
0.000000000000000000e+00
0.000000000000000000e+00
0.000000000000000000e+00
0.000000000000000000e+00
0.000000000000000000e+00
0.000000000000000000e+00
0.000000000000000000e+00
0.000000000000000000e+00
0.000000000000000000e+00
0.000000000000000000e+00
0.000000000000000000e+00
0.000000000000000000e+00
0.000000000000000000e+00
0.000000000000000000e+00
0.000000000000000000e+00
0.000000000000000000e+00
0.000000000000000000e+00
0.000000000000000000e+00
0.000000000000000000e+00
0.000000000000000000e+00
0.000000000000000000e+00
0.000000000000000000e+00
0.000000000000000000e+00
0.000000000000000000e+00
0.000000000000000000e+00
0.000000000000000000e+00
0.000000000000000000e+00
0.000000000000000000e+00
0.000000000000000000e+00
0.000000000000000000e+00
0.000000000000000000e+00
0.000000000000000000e+00
0.000000000000000000e+00
0.000000000000000000e+00
0.000000000000000000e+00
0.000000000000000000e+00
3.762757175289900371e-27
3.564958171125065141e-27
2.848491279994748658e-27
2.346247352592184120e-27
1.805966258514273372e-27
1.442548521145765811e-27
1.154964670415031438e-27
8.911163413280227842e-28
6.914234561238297824e-28
5.468924727493739153e-28
4.517420634206105065e-28
3.569042859828129823e-28
2.929550863761940755e-28
2.203742462531917013e-28
1.777190095921246928e-28
1.411513475009403956e-28
1.040561638203335339e-28
9.512181620234246905e-29
7.546373665617973019e-29
5.634841851780354686e-29
4.193217775008808547e-29
3.837646516584706393e-29
2.380769681141547307e-29
2.119490257414885285e-29
1.640370840650875333e-29
1.368501040870538937e-29
1.049765147880259820e-29
8.012703245642683421e-30
7.637503960588942128e-30
5.686683227169685824e-30
3.818642139389336528e-30
3.551580698624856149e-30
2.458128750042367012e-30
2.287432561265908764e-30
1.571955187183257293e-30
1.154425048939090511e-30
9.403166169723224138e-31
7.885812703292835384e-31
5.474537550672422893e-31
3.737747943386120243e-31
3.982458717027900906e-31
4.376973664311214344e-31
3.184852909177318532e-31
2.948010983045486170e-31
1.598367044157175009e-31
1.464559820549814794e-31
9.705204934254671222e-32
7.758456834457564137e-32
8.298238541173139891e-32
4.462954366260609653e-32
4.506617769832092654e-32
2.737535494917978745e-32
1.979000549840680981e-32
2.137137290129531230e-32
2.574941268708698422e-32
1.061721080458487777e-32
1.072108449947826904e-32
1.539318241362861711e-32
8.369728727536117251e-33
2.773185888520378508e-33
1.633518488170484318e-33
7.216562714675692381e-33
2.550508135266942171e-33
2.816910559282794410e-33
4.977822255434383813e-34
1.319462255823631068e-33
1.165824836113546830e-33
6.867179122910607207e-34
9.101353153749642828e-34
5.361064581196055366e-34
4.736825331062777096e-34
8.370544274246712645e-34
5.546912215734249678e-34
1.633677658278988201e-34
5.773812717474131897e-34
1.275378328442140518e-34
4.507496062661207200e-34
1.991322917855738646e-34
0.000000000000000000e+00
0.000000000000000000e+00
0.000000000000000000e+00
6.068159993316238901e-35
0.000000000000000000e+00
0.000000000000000000e+00
0.000000000000000000e+00
3.698301804725412948e-35
0.000000000000000000e+00
0.000000000000000000e+00
0.000000000000000000e+00
0.000000000000000000e+00
0.000000000000000000e+00
0.000000000000000000e+00
0.000000000000000000e+00
0.000000000000000000e+00
0.000000000000000000e+00
0.000000000000000000e+00
0.000000000000000000e+00
0.000000000000000000e+00
0.000000000000000000e+00
0.000000000000000000e+00
0.000000000000000000e+00
0.000000000000000000e+00
0.000000000000000000e+00
0.000000000000000000e+00
0.000000000000000000e+00
0.000000000000000000e+00
0.000000000000000000e+00
0.000000000000000000e+00
0.000000000000000000e+00
0.000000000000000000e+00
0.000000000000000000e+00
0.000000000000000000e+00
0.000000000000000000e+00
0.000000000000000000e+00
0.000000000000000000e+00
0.000000000000000000e+00
0.000000000000000000e+00
0.000000000000000000e+00
0.000000000000000000e+00
0.000000000000000000e+00
0.000000000000000000e+00
0.000000000000000000e+00
0.000000000000000000e+00
0.000000000000000000e+00
0.000000000000000000e+00
0.000000000000000000e+00
0.000000000000000000e+00
0.000000000000000000e+00
0.000000000000000000e+00
0.000000000000000000e+00
0.000000000000000000e+00
0.000000000000000000e+00
0.000000000000000000e+00
