0.000000000000000000e+00
0.000000000000000000e+00
0.000000000000000000e+00
0.000000000000000000e+00
0.000000000000000000e+00
0.000000000000000000e+00
0.000000000000000000e+00
0.000000000000000000e+00
0.000000000000000000e+00
0.000000000000000000e+00
0.000000000000000000e+00
0.000000000000000000e+00
0.000000000000000000e+00
0.000000000000000000e+00
0.000000000000000000e+00
0.000000000000000000e+00
0.000000000000000000e+00
0.000000000000000000e+00
4.972104076173373063e-24
7.924931422006246118e-25
4.372001329690009425e-26
1.470303021667259605e-26
3.412134687939290556e-27
2.227011413535573109e-27
3.672225018122188660e-24
9.647066921975281045e-26
1.341544003725068493e-26
2.420028923962355814e-24
2.479168401786096169e-25
1.945175893249017402e-26
1.654670105492428839e-24
8.165313365772632464e-25
3.475014539753561456e-25
7.104186187415815872e-25
4.692223423894750381e-25
3.250452192484954601e-25
2.820128941907974076e-25
2.235174416018625787e-25
1.828190274004804711e-25
1.885722458072453700e-25
1.432847712444227379e-25
1.216810649314743716e-25
1.070493402578668935e-25
8.782390991461770331e-26
7.450932125657870699e-26
6.158412621582718634e-26
5.093901938115845242e-26
4.153490773496789947e-26
3.515871209879082776e-26
2.912688648627663209e-26
2.280409192569152483e-26
1.878171647060004773e-26
1.467028486842639936e-26
1.248796616019898996e-26
1.043745921959385577e-26
8.572589883410052736e-27
6.957192764352117258e-27
5.577232427944730038e-27
4.772428687113510820e-27
3.901179746083889575e-27
3.192347487676083287e-27
2.530999478629301772e-27
2.068468257507834285e-27
1.856557654026296074e-27
1.417832631205380816e-27
1.182847372733603385e-27
9.759565562787950233e-28
8.263955694105938005e-28
6.557844135432458303e-28
5.720961950805062294e-28
4.752095237948612532e-28
4.013359551516744277e-28
3.575153265841126129e-28
2.953844207425655907e-28
2.403318408446832102e-28
2.070712765880461134e-28
1.855369189059443025e-28
1.332671452475827426e-28
1.289501912023574857e-28
1.006341949415137395e-28
8.431865663909488472e-29
7.379676144441148556e-29
6.324041786861512621e-29
5.114838636988887507e-29
4.345407262441954333e-29
3.897650178820523427e-29
2.955936962023401817e-29
2.598034383395154620e-29
2.019342465712599543e-29
1.788568904967934402e-29
1.462935341332838491e-29
1.184511518834244217e-29
1.047618213276358881e-29
8.403474284661090413e-30
7.582528949688776771e-30
6.305110028159228072e-30
5.734243870532515024e-30
4.111602082247942345e-30
4.108866806942653565e-30
3.026443680746592988e-30
2.412798099820208601e-30
2.165110650881645806e-30
1.485680332862609239e-30
1.475729514546197926e-30
1.220300859580590094e-30
8.574833517236823845e-31
6.685491863038729797e-31
5.177541457735789387e-31
4.205001106668395242e-31
3.062120783185813221e-31
2.813791984004255441e-31
1.625563327616421980e-31
1.098334576279162966e-31
1.194394012670799038e-31
9.014187111040604315e-32
7.381806217516833326e-32
5.149162881517985858e-32
1.971492181730857332e-32
1.875927604590697343e-32
1.657495682374665887e-32
1.673711824658845916e-32
6.469862834431731470e-33
7.349805975355426683e-33
5.050887979489594255e-33
2.550151721485802108e-33
1.689910150861178816e-33
1.990850657431048576e-33
8.795185809261577207e-34
3.885539736961558608e-34
3.433109745029218340e-34
0.000000000000000000e+00
2.680157706788118017e-34
4.736163397115466906e-34
0.000000000000000000e+00
1.848712359184504114e-34
3.266898729445142285e-34
0.000000000000000000e+00
0.000000000000000000e+00
0.000000000000000000e+00
0.000000000000000000e+00
0.000000000000000000e+00
0.000000000000000000e+00
0.000000000000000000e+00
0.000000000000000000e+00
0.000000000000000000e+00
0.000000000000000000e+00
0.000000000000000000e+00
0.000000000000000000e+00
0.000000000000000000e+00
0.000000000000000000e+00
0.000000000000000000e+00
0.000000000000000000e+00
0.000000000000000000e+00
0.000000000000000000e+00
0.000000000000000000e+00
0.000000000000000000e+00
0.000000000000000000e+00
0.000000000000000000e+00
0.000000000000000000e+00
0.000000000000000000e+00
0.000000000000000000e+00
0.000000000000000000e+00
0.000000000000000000e+00
0.000000000000000000e+00
0.000000000000000000e+00
0.000000000000000000e+00
0.000000000000000000e+00
0.000000000000000000e+00
0.000000000000000000e+00
0.000000000000000000e+00
0.000000000000000000e+00
0.000000000000000000e+00
0.000000000000000000e+00
0.000000000000000000e+00
0.000000000000000000e+00
0.000000000000000000e+00
0.000000000000000000e+00
0.000000000000000000e+00
0.000000000000000000e+00
0.000000000000000000e+00
0.000000000000000000e+00
0.000000000000000000e+00
0.000000000000000000e+00
0.000000000000000000e+00
0.000000000000000000e+00
0.000000000000000000e+00
0.000000000000000000e+00
0.000000000000000000e+00
0.000000000000000000e+00
0.000000000000000000e+00
0.000000000000000000e+00
0.000000000000000000e+00
0.000000000000000000e+00
0.000000000000000000e+00
0.000000000000000000e+00
0.000000000000000000e+00
0.000000000000000000e+00
0.000000000000000000e+00
0.000000000000000000e+00
