0.000000000000000000e+00
0.000000000000000000e+00
0.000000000000000000e+00
0.000000000000000000e+00
0.000000000000000000e+00
0.000000000000000000e+00
0.000000000000000000e+00
0.000000000000000000e+00
0.000000000000000000e+00
0.000000000000000000e+00
0.000000000000000000e+00
0.000000000000000000e+00
0.000000000000000000e+00
0.000000000000000000e+00
0.000000000000000000e+00
0.000000000000000000e+00
0.000000000000000000e+00
0.000000000000000000e+00
1.311384328007855322e-25
2.099286104898711888e-26
1.180414836533177118e-27
4.002742121870103096e-28
9.464315192823235599e-29
6.161691658003578604e-29
9.857941152548578197e-26
2.614744426977125273e-27
3.673383671661192961e-28
6.584928419981500557e-26
6.775911725735857109e-27
5.360803409105562108e-28
4.542875252727815417e-26
2.253397683425272551e-26
9.611290572959592039e-27
1.970910548036931607e-26
1.302540266357814918e-26
9.036810861309841465e-27
7.840196146909124579e-27
6.213247089972577306e-27
5.080864426579596480e-27
5.227035991270635285e-27
3.960623907371059561e-27
3.355339378084437557e-27
2.942027514102088532e-27
2.404796137631017630e-27
2.031917820665640044e-27
1.672533293283401387e-27
1.377206306121889015e-27
1.118956265161801519e-27
9.452209559159781709e-28
7.793417782335542210e-28
6.083165575948536586e-28
4.991320537565616906e-28
3.891509104478462156e-28
3.311751920250780303e-28
2.761147310288393679e-28
2.262029698331654589e-28
1.832086916325010570e-28
1.468329576857497323e-28
1.255172322533430684e-28
1.024261369907866395e-28
8.368740675850406509e-29
6.609019821350475130e-29
5.416829865563699389e-29
4.854559068519346576e-29
3.706392558780351316e-29
3.092617851027676470e-29
2.552207854955009762e-29
2.160201394340340528e-29
1.709255639117268576e-29
1.490982863024158749e-29
1.237572496926244297e-29
1.043767079003168931e-29
9.314231213035265108e-30
7.670213161568054740e-30
6.242903207428413760e-30
5.382134289764320121e-30
4.799012495857429426e-30
3.437271615208628510e-30
3.338311842184712231e-30
2.601831227209749474e-30
2.177482742197943272e-30
1.897123449041044906e-30
1.619954508482930591e-30
1.318810391897675616e-30
1.116696838393231981e-30
1.000968861437375259e-30
7.598763271734171762e-31
6.682072350642166951e-31
5.185388510093290446e-31
4.594054893037911848e-31
3.740115918888508236e-31
3.022754429782070821e-31
2.679374395783391321e-31
2.147343767547938833e-31
1.944238192226393455e-31
1.617150542736041018e-31
1.470721547662850567e-31
1.054375519910599938e-31
1.054184204645622966e-31
7.761963394492545794e-32
6.188297611920153505e-32
5.552288443416886813e-32
3.810075275360696002e-32
3.784486007183401148e-32
3.129973528635520389e-32
2.198675260828597717e-32
1.715006993242428767e-32
1.327574732749604198e-32
1.078205411967132735e-32
7.851591751767672756e-33
7.214851241032898460e-33
4.168111096452968855e-33
2.816242503261361819e-33
3.062548750462207441e-33
2.311330028464990114e-33
1.892770824989188576e-33
1.320298174762382583e-33
5.055108158273687899e-34
4.810070780883445252e-34
4.249988929267749948e-34
4.291568781206992837e-34
1.658939188217813338e-34
1.884565634692818330e-34
1.295099481916982743e-34
6.538850568426945390e-35
4.333102950856556452e-35
5.104745275563486388e-35
2.255175848376872103e-35
9.962922403326530716e-36
8.802845497705752186e-36
0.000000000000000000e+00
6.872199249040051224e-36
1.214400870973538019e-35
0.000000000000000000e+00
4.740288100882742993e-36
8.376663408270081582e-36
0.000000000000000000e+00
0.000000000000000000e+00
0.000000000000000000e+00
0.000000000000000000e+00
0.000000000000000000e+00
0.000000000000000000e+00
0.000000000000000000e+00
0.000000000000000000e+00
0.000000000000000000e+00
0.000000000000000000e+00
0.000000000000000000e+00
0.000000000000000000e+00
0.000000000000000000e+00
0.000000000000000000e+00
0.000000000000000000e+00
0.000000000000000000e+00
0.000000000000000000e+00
0.000000000000000000e+00
0.000000000000000000e+00
0.000000000000000000e+00
0.000000000000000000e+00
0.000000000000000000e+00
0.000000000000000000e+00
0.000000000000000000e+00
0.000000000000000000e+00
0.000000000000000000e+00
0.000000000000000000e+00
0.000000000000000000e+00
0.000000000000000000e+00
0.000000000000000000e+00
0.000000000000000000e+00
0.000000000000000000e+00
0.000000000000000000e+00
0.000000000000000000e+00
0.000000000000000000e+00
0.000000000000000000e+00
0.000000000000000000e+00
0.000000000000000000e+00
0.000000000000000000e+00
0.000000000000000000e+00
0.000000000000000000e+00
0.000000000000000000e+00
0.000000000000000000e+00
0.000000000000000000e+00
0.000000000000000000e+00
0.000000000000000000e+00
0.000000000000000000e+00
0.000000000000000000e+00
0.000000000000000000e+00
0.000000000000000000e+00
0.000000000000000000e+00
0.000000000000000000e+00
0.000000000000000000e+00
0.000000000000000000e+00
0.000000000000000000e+00
0.000000000000000000e+00
0.000000000000000000e+00
0.000000000000000000e+00
0.000000000000000000e+00
0.000000000000000000e+00
0.000000000000000000e+00
0.000000000000000000e+00
0.000000000000000000e+00